1.351601	-0.0013	-2.923411612
1.364099	-0.00145	-2.914152287
1.3462505	-0.0019	-2.845159415
1.3656995	-0.00185	-2.915295797
1.3674	-0.00165	-2.841947375
1.36425	-0.00165	-2.839788916
1.34555	-0.00165	-2.979622732
1.3833505	-0.00165	-2.995732274
1.3824995	-0.00185	-2.995732274
1.4059495	-0.0019	-3.00326054
1.4081505	-0.0019	-2.691016109
1.4467	-0.0018	-2.944563987
1.4618495	-0.0016	-2.995732274
1.4620995	-0.0016	-2.979622732
1.4656	-0.0016	-2.995732274
1.4716	-0.0016	-3.101092789
1.4804495	-0.0015	-3.056289398
1.4468505	-0.0015	-3.045721156
1.4371995	-0.0015	-2.961330847
1.4374995	-0.001375	-2.938633862
1.4149995	-0.001275	-2.689159754
1.4194495	-0.00125	-2.901550002
1.42155	-0.00125	-2.986277115
1.3948005	-0.001275	-2.986019595
1.4033	-0.00125	-2.985544347
1.4167995	-0.001225	-2.985405776
1.4106005	-0.001175	-2.984416539
1.4242005	-0.001175	-2.98516827
1.4330005	-0.001175	-2.984673646
1.449249	-0.00125	-2.984911035
1.4516495	-0.001175	-2.984673646
1.4643005	-0.001125	-2.985405776
1.4701505	-0.001125	-2.987387191
1.4710005	-0.001125	-2.987149214
1.4645995	-0.0011	-2.986772532
1.4757	-0.0011	-2.986534701
1.4771495	-0.0011	-2.986534701
1.4873495	-0.0011	-2.985781943
1.4738	-0.001075	-2.986534701
1.476551	-0.00105	-2.986019595
1.4695995	-0.00105	-2.985900762
1.4677995	-0.001025	-2.984792334
1.4813005	-0.00105	-2.987645063
1.4934	-0.001125	-2.986534701
1.4917	-0.00105	-2.985781943
1.4927505	-0.001125	-2.985781943
1.501099	-0.00115	-2.986399955
1.533099	-0.00115	-2.987268195
1.541649	-0.00115	-2.987526037
1.5471	-0.0012	-2.98701042
1.5589995	-0.001125	-2.986772532
1.5548	-0.001125	-2.993474824
1.5594005	-0.001125	-2.987268195
1.5571995	-0.0011	-2.985287016
1.5584505	-0.0011	-2.983922287
1.5751505	-0.0011	-2.982066083
1.5693005	-0.001125	-2.984040885
1.5658005	-0.001125	-2.984297896
1.56785	-0.001075	-2.984040885
1.5784	-0.000875	-2.983546819
1.5892	-0.000875	-2.982579156
1.58525	-0.0009	-2.982322587
1.5818505	-0.001	-2.981829368
1.582	-0.001	-2.980843661
1.59705	-0.00105	-2.980351172
1.58955	-0.001125	-2.980105018
1.5909	-0.001125	-2.982569287
1.5795	-0.00115	-2.983679205
1.57315	-0.0012	-2.982322587
1.56795	-0.0012	-2.982322587
1.56645	-0.001225	-2.983556698
1.5714	-0.001275	-2.982569287
1.58625	-0.001275	-2.976910519
1.57545	-0.001225	-2.975684578
1.57555	-0.001175	-2.934637174
1.5753	-0.001125	-2.986524793
1.55645	-0.001225	-2.999158135
1.54855	-0.0014	-2.992876356
1.54855	-0.0014	-2.992876356
1.5632	-0.0014	-2.991003472
1.54885	-0.00145	-2.990028571
1.55175	-0.001675	-2.98875666
1.55035	-0.0017	-2.989412287
1.5458	-0.00165	-2.989929144
1.53425	-0.00165	-2.987704582
1.54195	-0.00155	-2.989730321
1.5537	-0.0014	-2.989173827
1.54835	-0.0014	-2.987188873
1.5729	-0.001375	-2.985821547
1.5735	-0.00135	-2.991103005
1.5537	-0.001275	-2.994592923
1.54475	-0.00125	-2.99629243
1.5461	-0.001125	-2.992298177
1.5528	-0.001075	-2.990207563
1.554	-0.001075	-2.982737078
1.5531	-0.00105	-2.990028571
1.5627	-0.001025	-2.989650803
1.572	-0.001025	-2.988736799
1.57695	-0.0011	-2.98937254
1.57695	-0.0011	-2.98937254
1.5715	-0.000975	-2.988836107
1.5766	-0.000925	-2.989432161
1.56375	-0.000925	-2.990864142
1.5514	-0.000825	-2.990446269
1.5551	-0.000725	-2.991242368
1.5477	-0.0007875	-2.992298177
1.54565	-0.000675	-2.992437707
1.54865	-0.000675	-2.988002227
1.55025	-0.00065	-2.989929144
1.5433	-0.000675	-2.990108119
1.54215	-0.000725	-2.992158667
1.5397	-0.000775	-2.991780094
1.5554	-0.000775	-2.98990926
1.5481	-0.000825	-2.986891469
1.5405	-0.000825	-2.986891469
1.5571	-0.0008625	-2.986257303
1.5571	-0.0008625	-2.986257303
1.56075	-0.0009	-2.989014886
1.5645	-0.0009	-2.989988799
1.5661	-0.0009	-2.993814114
1.5701	-0.0009	-2.998075016
1.5878	-0.000925	-3.000101806
1.59815	-0.00085	-2.995072491
1.59185	-0.00085	-2.993195494
1.5731	-0.00085	-2.991103005
1.5903	-0.000825	-2.993973821
1.5952	-0.0008	-2.992497511
1.58035	-0.000875	-2.98855807
1.5841	-0.000875	-2.990824337
1.58205	-0.000875	-2.991341925
1.5789	-0.000875	-2.979524335
1.5775	-0.000925	-2.962452248
1.5709	-0.000925	-2.969148767
1.5714	-0.0009	-2.96340062
1.57435	-0.0009	-2.963749228
1.5633	-0.0009	-2.951179647
1.56105	-0.001075	-2.941888235
1.5596	-0.0009	-2.935484193
1.5845	-0.0009	-2.913838972
1.57605	-0.0009	-2.945952123
1.5798	-0.0009	-2.94120621
1.576	-0.00075	-2.926598079
1.55945	-0.000625	-2.922797847
1.5417	-0.00055	-2.940467874
1.5417	-0.00055	-2.940467874
1.5417	-0.00055	-2.940467874
1.56415	-0.0004	-2.937803046
1.57835	-0.0003375	-2.922667703
1.57645	-0.0003125	-2.918678644
1.56045	-0.0003	-2.941547165
1.55825	-0.0003	-2.94446898
1.5494	-0.0003	-2.941869284
1.53285	-0.0002875	-2.942324217
1.53685	-0.0003	-2.940694997
1.5358	-0.0003	-2.942286298
1.5356	-0.0003	-2.945552599
1.5268	-0.0003	-2.942684519
1.52345	-0.0003	-2.936463865
1.52025	-0.000275	-2.936746641
1.5182	-0.000275	-2.937916298
1.51785	-0.0003	-2.941035777
1.50985	-0.0002625	-2.94052465
1.48825	-0.000275	-2.939370844
1.483	-0.000275	-2.938879462
1.4815	-0.000275	-2.939919209
1.47905	-0.000275	-2.939446463
1.46475	-0.000275	-2.939011733
1.4745	-0.0002625	-2.938123961
1.4651	-0.0002625	-2.93882278
1.4688	-0.00025	-2.940430026
1.46215	-0.000275	-2.941300908
1.45645	-0.000275	-2.942646586
1.4591	-0.000275	-2.941111521
1.4497	-0.000275	-2.940486799
1.44965	-0.000275	-2.940430026
1.4502	-0.000275	-2.936407319
1.4656	-0.000275	-2.893590934
1.4643	-0.000275	-2.89746284
1.4816	-0.000275	-2.898079385
1.4825	-0.000275	-2.897444712
1.4804	-0.000275	-2.897589745
1.47865	-0.000275	-2.901877698
1.4767	-0.00025	-2.899549747
1.4795	-0.000225	-2.900567559
1.46975	-0.000225	-2.9037914
1.4712	-0.000225	-2.906110972
1.45555	-0.000225	-2.904065085
1.4613	-0.0002125	-2.903754914
1.4479	-0.000225	-2.899422593
1.46245	-0.0002375	-2.899985825
1.4688	-0.0002375	-2.899658749
1.46885	-0.0002125	-2.898387801
1.4854	-0.0002125	-2.895941239
1.488	-0.0001625	-2.89550692
1.4791	-0.0001625	-2.892652356
1.4735	-0.0001625	-2.907721396
1.46695	-0.0001625	-2.9080328
1.47135	-0.0001625	-2.898551118
1.4719	-0.000175	-2.894168958
1.4776	-0.0001875	-2.892760609
1.4723	-0.000175	-2.895669768
1.4727	-0.0002	-2.89407862
1.4689	-0.0002	-2.929083481
1.4689	-0.0002	-2.929083481
1.4568	-0.0002	-2.917864236
1.4369	-0.0002	-2.900113051
1.4369	-0.0002	-2.900113051
1.4369	-0.0002	-2.900113051
1.4369	-0.0002	-2.900113051
1.43435	-0.0002	-2.897172833
1.43845	-0.0002	-2.894656926
1.44025	-0.0002	-2.89182281
1.4376	-0.000225	-2.890255765
1.4435	-0.000225	-2.891840836
1.4604	-0.000225	-2.889733961
1.46805	-0.000225	-2.881314895
1.4693	-0.0002	-2.876031079
1.47145	-0.0002	-2.877042982
1.4653	-0.0002	-2.874275993
1.46205	-0.000175	-2.869945796
1.46575	-0.0002	-2.850040124
1.4754	-0.0002	-2.848191966
1.46595	-0.0002	-2.845279852
1.46795	-0.000175	-2.833630431
1.47715	-0.000225	-2.848865198
1.4757	-0.00025	-2.850057412
1.4861	-0.000225	-2.850870315
1.48385	-0.000225	-2.849746263
1.48005	-0.000225	-2.852151545
1.48495	-0.000225	-2.850731902
1.4825	-0.000225	-2.850783804
1.4779	-0.0002	-2.84129592
1.46555	-0.0002	-2.837430223
1.46305	-0.0002	-2.842599254
1.4626	-0.0002	-2.846829626
1.4691	-0.000175	-2.847381236
1.4603	-0.0001625	-2.850455133
1.4536	-0.0001625	-2.851458784
1.4678	-0.0001625	-2.851805105
1.46895	-0.0002	-2.853642608
1.4664	-0.000225	-2.85437161
1.45495	-0.000225	-2.854111191
1.447	-0.000225	-2.853781424
1.44815	-0.0002125	-2.855240163
1.44345	-0.000225	-2.854927397
1.4468	-0.0001875	-2.845951126
1.44245	-0.0001875	-2.85277544
1.44045	-0.00015	-2.854597361
1.43865	-0.0001375	-2.855726883
1.43055	-0.000175	-2.856979536
1.42275	-0.000175	-2.855848599
1.42415	-0.000175	-2.853521159
1.41455	-0.000175	-2.852914137
1.42485	-0.0001875	-2.851822424
1.42815	-0.0002375	-2.850524318
1.4196	-0.0002125	-2.850264899
1.41575	-0.0002	-2.849867254
1.42245	-0.0001875	-2.847846894
1.41705	-0.0001875	-2.845658464
1.42375	-0.0002125	-2.848830662
1.4163	-0.0002125	-2.846864093
1.40895	-0.0002	-2.846450571
1.40645	-0.0002	-2.847898647
1.41425	-0.0002	-2.85163193
1.4135	-0.0002	-2.854163269
1.41465	-0.0002	-2.856892495
1.41515	-0.0002	-2.854163269
1.4242	-0.000225	-2.856283424
1.4226	-0.0002	-2.825348354
1.41525	-0.000175	-2.861218863
1.41215	-0.00015	-2.885891808
1.4124	-0.000125	-2.879283461
1.40945	-0.000125	-2.868395025
1.4093	-0.000125	-2.868553516
1.40855	-0.000125	-2.859175462
1.39565	-0.0001	-2.847019208
1.38695	-0.0001	-2.819428789
1.38675	-0.00015	-2.790117457
1.38665	-0.00015	-2.841844485
1.3882	-0.0002	-2.849072437
1.38865	-0.0002	-2.844454287
1.3836	-0.0002125	-2.844058946
1.3793	-0.0002125	-2.842976852
1.37655	-0.0002125	-2.840422266
1.36925	-0.0002125	-2.843543517
1.3649	-0.000225	-2.847208826
1.3587	-0.0002375	-2.814861769
1.3612	-0.0002625	-2.794572607
1.3633	-0.00025	-2.79292205
1.36375	-0.000275	-2.822922477
1.3647	-0.0001	-2.84429957
1.36425	-7.50E-05	-2.846140541
1.3641	-7.50E-05	-2.844901384
1.36385	-7.50E-05	-2.844901384
1.35755	-6.25E-05	-2.846329992
1.35165	-6.25E-05	-2.8450906
1.34885	-5.00E-05	-2.841844485
1.34815	-5.00E-05	-2.825264024
1.3512	-5.00E-05	-2.814494637
1.3402	-5.00E-05	-2.834106743
1.347	-5.00E-05	-2.830065304
1.35705	-5.00E-05	-2.820871815
1.36155	-5.00E-05	-2.783027012
1.3677	-5.00E-05	-2.734907655
1.3705	-5.00E-05	-2.810315512
1.38175	-3.75E-05	-2.846657311
1.3764	-2.50E-05	-2.846088879
1.3796	-2.50E-05	-2.845383096
1.3765	-2.50E-05	-2.847208826
1.36735	-2.50E-05	-2.848796127
1.3675	-1.25E-05	-2.85421535
1.36885	-1.25E-05	-2.851216432
1.3683	-1.25E-05	-2.851199123
1.36565	-1.25E-05	-2.851649246
1.3719	-1.25E-05	-2.851960988
1.37055	-1.25E-05	-2.851528039
1.38245	-1.25E-05	-2.851528039
1.38175	-1.25E-05	-2.851095277
1.3832	-1.25E-05	-2.851043358
1.3821	-1.25E-05	-2.848606209
1.38085	-1.25E-05	-2.847864145
1.37865	-1.25E-05	-2.847812393
1.37735	-1.25E-05	-2.846881327
1.3774	0	-2.847105393
1.37705	0	-2.846674541
1.37755	-1.25E-05	-2.846329992
1.37195	-1.25E-05	-2.846726233
1.36265	-1.25E-05	-2.84524544
1.36315	-1.25E-05	-2.843835561
1.36	-1.25E-05	-2.844660615
1.3624	-1.25E-05	-2.879906708
1.36105	-1.25E-05	-2.746874193
1.363	-1.25E-05	-2.737885892
1.3505	-1.25E-05	-2.740036347
1.3465	-1.25E-05	-2.826850629
1.34305	-1.25E-05	-2.899186494
1.346	-1.25E-05	-2.896049848
1.3452	-1.25E-05	-2.89241785
1.343	-1.25E-05	-2.892598235
1.33985	-2.50E-05	-2.892399813
1.3418	0	-2.89249
1.34105	2.50E-05	-2.890741826
1.33945	1.25E-05	-2.889913863
1.33645	0	-2.890165779
1.3313	0	-2.890147783
1.33055	0	-2.889392238
1.3317	1.25E-05	-2.888044468
1.33445	1.25E-05	-2.887039317
1.3359	1.25E-05	-2.887021377
1.34585	1.25E-05	-2.88513947
1.34925	1.25E-05	-2.891480372
1.35245	1.25E-05	-2.899222813
1.3483	1.25E-05	-2.895597388
1.3419	1.25E-05	-2.892742566
1.3455	1.25E-05	-2.891534434
1.343	1.25E-05	-2.88833184
1.34845	1.25E-05	-2.887452024
1.3455	1.25E-05	-2.886626779
1.3455	1.25E-05	-2.886626779
1.34355	1.25E-05	-2.887272565
1.3489	0	-2.886465398
1.34625	1.25E-05	-2.892021117
1.34585	1.25E-05	-2.893139585
1.34945	1.25E-05	-2.893103486
1.34915	1.25E-05	-2.890669802
1.35755	1.25E-05	-2.892363741
1.3598	1.25E-05	-2.890363758
1.35385	1.25E-05	-2.889769939
1.35215	1.25E-05	-2.888655232
1.3514	1.25E-05	-2.886662645
1.35515	1.25E-05	-2.945780879
1.35265	1.25E-05	-2.943614319
1.36225	0	-2.944373981
1.3587	0	-2.944373981
1.3565	5.00E-06	-2.941982998
1.35955	1.25E-05	-2.941225149
1.36475	1.25E-05	-2.938690533
1.36475	1.25E-05	-2.938690533
1.36585	1.25E-05	-2.940430026
1.36055	1.25E-05	-2.939522087
1.36605	1.25E-05	-2.941509275
1.3623	1.25E-05	-2.943348574
1.3566	1.25E-05	-2.942001951
1.35935	1.25E-05	-2.941717685
1.3608	2.50E-05	-2.942551761
1.35835	1.25E-05	-2.940619284
1.35705	3.75E-05	-2.936954061
1.35485	3.75E-05	-2.936369624
1.35125	3.75E-05	-2.935371216
1.34955	3.75E-05	-2.934260951
1.3439	3.75E-05	-2.934035286
1.3441	3.75E-05	-2.935164124
1.34355	3.75E-05	-2.929644952
1.34355	3.75E-05	-2.929644952
1.34355	3.75E-05	-2.929644952
1.33765	3.75E-05	-2.946066303
1.3373	3.75E-05	-2.943652289
1.33745	3.75E-05	-2.940430026
1.3312	3.75E-05	-2.9351453
1.33335	2.50E-05	-2.938388321
1.3368	2.50E-05	-2.938048442
1.33485	2.50E-05	-2.937746424
1.33335	2.50E-05	-2.938086201
1.3302	2.50E-05	-2.939408653
1.3359	2.50E-05	-2.93785967
1.3305	2.50E-05	-2.936595817
1.3291	5.00E-05	-2.935088828
1.3299	5.00E-05	-2.935258251
1.33065	3.75E-05	-2.93601159
1.32495	3.75E-05	-2.934825339
1.3226	3.75E-05	-2.932344414
1.31995	3.75E-05	-2.93245705
1.3186	3.75E-05	-2.932870157
1.31125	3.75E-05	-2.932306872
1.31365	2.50E-05	-2.930000714
1.3146	5.00E-05	-2.951351818
1.3107	5.00E-05	-2.944297989
1.3099	5.00E-05	-2.939711173
1.31715	5.00E-05	-2.937840795
1.31635	3.75E-05	-2.935427703
1.32115	5.00E-05	-2.934110502
1.32445	3.75E-05	-2.934411424
1.31695	6.25E-05	-2.933978877
1.31665	6.25E-05	-2.933602902
1.3108	6.25E-05	-2.933659289
1.31305	6.25E-05	-2.932795034
1.3153	6.25E-05	-2.932100413
1.31405	7.50E-05	-2.93302042
1.3124	8.75E-05	-2.933057989
1.31445	8.75E-05	-2.933057989
1.3125	8.75E-05	-2.93309556
1.30135	8.75E-05	-2.933189493
1.29615	8.75E-05	-2.933189493
1.2997	0.0001	-2.931556318
1.3037	0.0001	-2.928054934
1.3016	0.0001	-2.951390082
1.2951	0.0001	-2.939919209
1.29255	8.75E-05	-2.937104939
1.29745	8.75E-05	-2.937010638
1.30225	8.75E-05	-2.93669008
1.29945	7.50E-05	-2.933001636
1.2956	7.50E-05	-2.937161524
1.29355	7.50E-05	-2.93742563
1.2905	7.50E-05	-2.937387897
1.2976	0.0001	-2.937444498
1.2963	0.0001	-2.937312433
1.30335	0.0001	-2.935747857
1.29565	0.0001	-2.935182949
1.2945	0.0001	-2.935823202
1.2948	0.0001	-2.935917391
1.29485	0.0001	-2.936124639
1.29305	0.0001	-2.93563485
1.29345	0.0001	-2.9351453
1.2934	0.0001	-2.936501564
1.28875	0.0001	-2.949765138
1.29465	8.75E-05	-2.999238413
1.30015	8.75E-05	-2.987387191
1.30085	8.75E-05	-2.985267224
1.2992	8.75E-05	-2.982263388
1.309	7.50E-05	-2.981395537
1.31945	6.25E-05	-2.980252703
1.32765	6.25E-05	-2.980193626
1.31435	5.00E-05	-2.978914489
1.31435	5.00E-05	-2.978914489
1.31255	5.00E-05	-2.979780187
1.3164	5.00E-05	-2.980252703
1.3164	5.00E-05	-2.980252703
1.3164	5.00E-05	-2.980252703
1.3164	5.00E-05	-2.980252703
1.3184	5.00E-05	-2.980173935
1.31685	5.00E-05	-2.979740821
1.30675	3.75E-05	-2.978147791
1.30885	2.50E-05	-2.976341496
1.3169	1.25E-05	-2.979288221
1.3223	2.50E-05	-2.979032494
1.3241	2.50E-05	-2.977892355
1.32145	2.50E-05	-2.973559907
1.3317	2.50E-05	-2.972562772
1.32965	3.75E-05	-2.979603052
1.33155	3.75E-05	-2.992557319
1.33075	3.75E-05	-2.986812176
1.3324	2.50E-05	-2.984732988
1.33365	2.50E-05	-2.98423858
1.3257	2.50E-05	-2.980252703
1.31525	2.50E-05	-2.983369015
1.3151	2.50E-05	-2.982066083
1.31245	6.25E-05	-2.980725441
1.3092	6.25E-05	-2.980843661
1.29505	6.25E-05	-2.981099852
1.29325	6.25E-05	-2.982223924
1.28275	7.50E-05	-2.982776562
1.2817	7.50E-05	-2.982381789
1.28275	7.50E-05	-2.982105541
1.28065	8.75E-05	-2.984199038
1.28085	8.75E-05	-2.981691311
1.28115	8.75E-05	-2.977892355
1.28145	5.00E-05	-2.977362044
1.2857	5.00E-05	-2.97561597
1.27945	6.25E-05	-2.983250496
1.2757	5.00E-05	-3.048584677
1.28005	6.25E-05	-3.036908497
1.2711	8.75E-05	-3.037075237
1.27045	8.75E-05	-3.03818059
1.27675	0.0001	-3.037262852
1.2774	0.0001	-3.03167038
1.2765	7.50E-05	-3.018468801
1.27185	7.50E-05	-3.024399274
1.2724	0.0001	-3.027718419
1.26695	0.0001	-3.028958191
1.25885	5.00E-05	-3.028482764
1.25455	5.00E-05	-3.027202301
1.2552	5.00E-05	-3.026418311
1.2603	3.75E-05	-3.027780372
1.25965	3.75E-05	-3.032354765
1.25145	3.75E-05	-3.032852794
1.25385	3.75E-05	-3.036825138
1.2517	3.75E-05	-3.038389284
1.24935	3.75E-05	-3.036991864
1.2536	1.25E-05	-3.035971105
1.2548	0	-3.036408445
1.25375	-1.25E-05	-3.035554768
1.26025	-2.50E-05	-3.035242629
1.25875	-2.50E-05	-3.038890328
1.26885	-3.75E-05	-3.031214384
1.26885	-3.75E-05	-3.049154148
1.2738	-3.75E-05	-3.013550072
1.27445	-3.75E-05	-3.025346477
1.26665	-3.75E-05	-3.016506573
1.26895	-2.50E-05	-3.037054393
1.27095	-2.50E-05	-3.040834247
1.26755	-2.50E-05	-3.039078284
1.27405	-2.50E-05	-3.035783732
1.28025	-3.75E-05	-3.040374054
1.272	-5.00E-05	-3.041692446
1.27025	-6.25E-05	-3.040541373
1.27035	-6.25E-05	-3.038368413
1.26855	-6.25E-05	-3.038556271
1.26505	-6.25E-05	-3.039830462
1.275	-7.50E-05	-3.040687799
1.2676	-7.50E-05	-3.041001643
1.26885	-7.50E-05	-3.038639775
1.26915	-7.50E-05	-3.03434837
1.2668	-7.50E-05	-3.033184951
1.2731	-8.75E-05	-3.038013666
1.27885	-8.75E-05	-3.059694961
1.28065	-8.75E-05	-3.042781953
1.28655	-8.75E-05	-3.039684161
1.28045	-8.75E-05	-3.038785923
1.27995	-7.50E-05	-3.022014649
1.2832	-7.50E-05	-3.027966251
1.27565	-7.50E-05	-3.025016913
1.27895	-7.50E-05	-3.026335821
1.2747	-7.50E-05	-3.026335821
1.2795	-7.50E-05	-3.03503459
1.27965	-8.75E-05	-3.036075216
1.28135	-6.25E-05	-3.036012748
1.29205	-6.25E-05	-3.035450711
1.28205	-6.25E-05	-3.032790527
1.28615	-6.25E-05	-3.033558759
1.28525	-6.25E-05	-3.027718419
1.2787	-6.25E-05	-3.021214198
1.27445	-6.25E-05	-3.027264221
1.2767	-6.25E-05	-3.039140944
1.27725	-6.25E-05	-3.039140944
1.2883	-7.50E-05	-3.039746859
1.2839	-7.50E-05	-3.038952976
1.28595	-7.50E-05	-3.035596394
1.28925	-7.50E-05	-3.032458501
1.27915	-7.50E-05	-3.055779562
1.28105	-7.50E-05	-3.085131955
1.27435	-7.50E-05	-3.045216679
1.2762	-7.50E-05	-3.035325856
1.27655	-7.50E-05	-3.089889119
1.2734	-7.50E-05	-3.094646942
1.26155	-7.50E-05	-3.09612736
1.2625	-7.50E-05	-3.096901585
1.26255	-8.75E-05	-3.095839943
1.26865	-8.75E-05	-3.095464215
1.26465	-8.75E-05	-3.094382024
1.25645	-8.75E-05	-3.093720035
1.24925	-8.75E-05	-3.091648637
1.25195	-8.75E-05	-3.089911094
1.26345	-8.75E-05	-3.095375829
1.26945	-7.50E-05	-3.096923714
1.26875	-7.50E-05	-3.095773628
1.2749	-6.25E-05	-3.09387446
1.27385	-6.25E-05	-3.091230471
1.28215	-6.25E-05	-3.092221148
1.2752	-6.25E-05	-3.093102574
1.27155	-6.25E-05	-3.105502498
1.27985	-6.25E-05	-3.091252475
1.28025	-6.25E-05	-3.082772742
1.2786	-6.25E-05	-3.053488513
1.2538	-6.25E-05	-3.089339904
1.25275	-7.50E-05	-3.091780726
1.2595	-7.50E-05	-3.09274991
1.2551	-7.50E-05	-3.091868795
1.25165	-7.50E-05	-3.092727873
1.25745	-7.50E-05	-3.090614545
1.2643	-7.50E-05	-3.090108889
1.25725	-7.50E-05	-3.091604611
1.25535	-8.75E-05	-3.088988564
1.26395	-8.75E-05	-3.087365223
1.262	-8.75E-05	-3.08879099
1.2618	-8.75E-05	-3.085919598
1.2562	-8.75E-05	-3.084432348
1.25855	-8.75E-05	-3.082336461
1.26465	-8.75E-05	-3.081333736
1.2638	-8.75E-05	-3.082532764
1.27765	-0.0001	-3.087233716
1.2811	-0.0001	-3.07954876
1.2943	-0.0001	-3.081595219
1.29295	-0.0001	-3.083471188
1.28175	-0.0001	-3.081660601
1.28405	-0.0001	-3.074623977
1.2889	-0.0001	-3.079331297
1.2719	-0.0001	-3.079918554
1.2719	-0.0001	-3.079918554
1.2779	-0.0001	-3.084257523
1.2762	-0.0001	-3.084694643
1.28505	-0.0001	-3.088242377
1.28135	-0.0001	-3.090966456
1.2706	-0.0001	-3.091648637
1.2809	-0.0001	-3.092507526
1.27865	-8.75E-05	-3.132193669
1.2848	-7.50E-05	-3.100093289
1.2832	-7.50E-05	-3.1271174
1.28825	-7.50E-05	-3.084148273
1.2821	-8.75E-05	-3.127482396
1.27975	-7.50E-05	-3.12659295
1.27615	-6.25E-05	-3.084825817
1.27185	-6.25E-05	-3.11429061
1.27385	-7.50E-05	-3.112558267
1.2688	-7.50E-05	-3.114020437
1.261	-8.75E-05	-3.083471188
1.2643	-8.75E-05	-3.110178383
1.25965	-7.50E-05	-3.116793176
1.25965	-7.50E-05	-3.116793176
1.25385	-7.50E-05	-3.068539554
1.24405	-5.00E-05	-3.123633829
1.2403	-5.00E-05	-3.077788674
1.23665	-5.00E-05	-3.077332861
1.2338	-5.00E-05	-3.129240809
1.23065	-5.00E-05	-3.123247514
1.23325	-1.25E-05	-3.125704294
1.22815	-1.25E-05	-3.128121462
1.2086	-1.25E-05	-3.12581818
1.2086	-1.25E-05	-3.12581818
1.2086	-1.25E-05	-3.12581818
1.21105	0	-3.128395472
1.2128	-2.50E-05	-3.111637074
1.21045	-5.00E-05	-3.074732192
1.21105	-7.50E-05	-3.126684139
1.22295	-0.0001	-3.108274069
1.22695	-0.0001	-3.06772249
1.22615	-0.0001	-3.072354172
1.2114	-7.50E-05	-3.068066435
1.21005	-5.00E-05	-3.046436268
1.21405	-5.00E-05	-3.122293727
1.1999	-6.25E-05	-3.128829475
1.20865	-6.25E-05	-3.124247696
1.2029	-6.25E-05	-3.118216342
1.2014	-6.25E-05	-3.130201248
1.19825	-6.25E-05	-3.130452945
1.20865	-8.75E-05	-3.13100232
1.2093	-0.0001125	-3.126023208
1.2174	-0.0001375	-3.11681575
1.21705	-0.0001375	-3.057139702
1.21545	-0.0001375	-3.046246924
1.20345	-0.0001375	-3.079048667
1.20195	-0.0001375	-3.044418443
1.19255	-0.0001375	-3.045868343
1.1882	-0.0001375	-3.065468278
1.1922	-0.000125	-3.127163017
1.192	-0.0001125	-3.127573666
1.1884	-0.0001	-3.117425444
1.201	-0.0001	-3.116206427
1.20105	-0.0001	-3.051266125
1.1984	-0.0001	-3.03557558
1.1933	-0.0001	-3.048247367
1.19215	-0.0001	-3.067163831
1.18565	-0.0001	-3.130704704
1.1867	-0.0001	-3.128852322
1.19205	-0.0001	-3.113007938
1.18825	-0.0001	-3.130842054
1.1899	-0.0001	-3.126912147
1.19465	-7.50E-05	-3.130109738
1.19235	-7.50E-05	-3.133294637
1.18845	-7.50E-05	-3.130407177
1.18985	-7.50E-05	-3.117538391
1.1871	-7.50E-05	-3.117199588
1.1907	-0.0001125	-3.12620549
1.1912	-0.0001125	-3.130407177
1.1952	-0.000125	-3.079483516
1.19525	-0.0001625	-3.089735308
1.19515	-0.0001625	-3.130544486
1.1982	-0.0001625	-3.097255716
1.2003	-0.00015	-3.12953799
1.20875	-0.00015	-3.128692401
1.21	-0.0002125	-3.121567642
1.21445	-0.000175	-3.057522575
1.20865	-0.0001125	-3.07179292
1.21365	-8.75E-05	-3.095817837
1.22475	-6.25E-05	-3.105301634
1.2264	-5.00E-05	-3.127391135
1.22765	-2.50E-05	-3.131529087
1.22825	-1.25E-05	-3.131781118
1.20945	-1.25E-05	-3.120570136
1.21135	-2.50E-05	-3.131758204
1.21035	-1.25E-05	-3.132789876
1.20655	-2.50E-05	-3.132056133
1.21195	-3.75E-05	-3.129720914
1.2077	-5.00E-05	-3.12745958
1.2037	-5.00E-05	-3.089603489
1.2098	-3.75E-05	-3.111300264
1.20685	-3.75E-05	-3.086576441
1.2076	-6.25E-05	-3.119460447
1.21475	-6.25E-05	-3.12613713
1.20915	-5.00E-05	-3.06108179
1.2087	-5.00E-05	-3.061508894
1.1977	-3.75E-05	-3.059886868
1.18445	-7.50E-05	-3.043180339
1.18445	-7.50E-05	-3.043180339
1.18445	-7.50E-05	-3.043180339
1.1915	-7.50E-05	-3.048331684
1.1866	-7.50E-05	-3.047552022
1.1866	-7.50E-05	-3.047552022
1.1866	-7.50E-05	-3.047552022
1.1866	-7.50E-05	-3.047552022
1.18145	-7.50E-05	-3.053022461
1.18875	-7.50E-05	-3.08712414
1.19945	-7.50E-05	-3.072008749
1.2004	-7.50E-05	-3.05291657
1.19495	-7.50E-05	-3.058246179
1.2032	-7.50E-05	-3.062684372
1.19345	-7.50E-05	-3.096835199
1.1954	-7.50E-05	-3.128281292
1.18325	-7.50E-05	-3.130544486
1.18275	-7.50E-05	-3.072894135
1.17235	-7.50E-05	-3.060846961
1.17775	-7.50E-05	-3.055015296
1.17605	-7.50E-05	-3.053319014
1.1693	-7.50E-05	-3.063390322
1.1714	-5.00E-05	-3.125681518
1.17915	-3.75E-05	-3.053446136
1.1762	-3.75E-05	-3.06712087
1.17945	-5.00E-05	-3.097366407
1.17325	-5.00E-05	-3.131529087
1.1787	-5.00E-05	-3.130109738
1.17915	-5.00E-05	-3.058927697
1.17155	-5.00E-05	-3.064118186
1.17425	-5.00E-05	-3.072095094
1.17065	-6.25E-05	-3.081355524
1.1726	-5.00E-05	-3.068776197
1.16625	-5.00E-05	-3.133317587
1.1674	0	-3.114110486
1.17005	-3.75E-05	-3.132675193
1.17065	-8.75E-05	-3.127163017
1.17475	-0.0001	-3.072786119
1.17355	-0.0001	-3.064203852
1.176	-0.0001	-3.071922412
1.17945	-0.0001375	-3.07054203
1.1813	-0.0001375	-3.073434389
1.20055	-0.0001375	-3.130887842
1.20655	-0.0001625	-3.125909298
1.19915	-0.000175	-3.068647112
1.1978	-0.000175	-3.125271645
1.20985	-0.0001875	-3.135684234
1.21465	-0.0001875	-3.122384525
1.2078	-0.0001875	-3.063069374
1.21	-0.0002	-3.132079054
1.19805	-0.0002	-3.134994341
1.20115	-0.0002	-3.077984086
1.19785	-0.0002	-3.124907454
1.19845	-0.0002	-3.140480627
1.19285	-0.000175	-3.143397364
1.20295	-0.000175	-3.137364965
1.2069	-0.000175	-3.068819229
1.1934	-0.0001875	-3.076638687
1.20295	-0.0002	-3.098385347
1.1995	-0.0002125	-3.133111058
1.2046	-0.0002125	-3.13768762
1.2116	-0.0002125	-3.138079555
1.2133	-0.000225	-3.120479503
1.19555	-0.000225	-3.136996344
1.19385	-0.00025	-3.136719967
1.191	-0.000225	-3.099915704
1.2057	-0.000225	-3.124884696
1.2014	-0.000225	-3.062556071
1.20095	-0.000225	-3.080745648
1.20045	-0.000225	-3.111569703
1.2031	-0.000225	-3.07533841
1.20685	-0.000225	-3.137664569
1.2146	-0.000225	-3.135040319
1.2227	-0.000225	-3.087496747
1.21725	-0.0002	-3.134236008
1.2148	-0.0002	-3.131643639
1.22165	-0.000225	-3.073369543
1.22185	-0.000225	-3.086707861
1.2307	-0.000225	-3.067163831
1.22795	-0.000225	-3.121862551
1.2288	-0.00025	-3.072375765
1.24285	-0.00025	-3.059972173
1.24125	-0.00025	-3.052196811
1.24465	-0.00025	-3.060633527
1.24825	-0.00025	-3.097388547
1.25195	-0.00025	-3.121272821
1.25475	-0.00025	-3.052196811
1.2465	-0.00025	-3.045132624
1.22995	-0.00025	-3.045405828
1.21905	-0.00025	-3.04993506
1.22695	-0.00025	-3.056608177
1.23335	-0.00025	-3.056608177
1.229	-0.00025	-3.049745052
1.22545	-0.00025	-3.049998403
1.22045	-0.00025	-3.054251613
1.22315	-0.00025	-3.058267469
1.21445	-0.00025	-3.078853047
1.21745	-0.0002375	-3.096370623
1.2305	-0.000225	-3.131987372
1.2327	-0.000225	-3.132514659
1.23675	-0.0002125	-3.132147821
1.24345	-0.0002125	-3.135960325
1.24415	-0.0002	-3.133983358
1.23835	-0.0002	-3.077549889
1.2347	-0.0002375	-3.116906051
1.2365	-0.00025	-3.063112161
1.23375	-0.000275	-3.116748029
1.237	-0.0002875	-3.068819229
1.23155	-0.0003	-3.076248427
1.22085	-0.0003	-3.075576668
1.22095	-0.0003	-3.059055533
1.21475	-0.0003	-3.074688905
1.20835	-0.0002875	-3.075576668
1.20405	-0.0002875	-3.072634916
1.2024	-0.000275	-3.002595774
1.20665	-0.000275	-3.011252085
1.2115	-0.000275	-3.017609852
1.21185	-0.000275	-3.022528096
1.2015	-0.000275	-3.075425042
1.1991	-0.000275	-3.022425386
1.2059	-0.000275	-3.030965746
1.2043	-0.000275	-3.027594527
1.21025	-0.000275	-3.039161831
1.20915	-0.000275	-3.079962068
1.2198	-0.000275	-3.076703746
1.20695	-0.000275	-3.020906502
1.1933	-0.000275	-3.044796475
1.19515	-0.000275	-3.047130837
1.19285	-0.000275	-3.045552969
1.1907	-0.000275	-3.051139281
1.19075	-0.000275	-3.067700997
1.19695	-0.000275	-3.066991998
1.21095	-0.000275	-3.026542058
1.20685	-0.000275	-3.022240533
1.20815	-0.000275	-3.053107181
1.21635	-0.000275	-3.017303263
1.20895	-0.000275	-3.021378341
1.20495	-0.000275	-3.000785017
1.21325	-0.000275	-3.008716201
1.21345	-0.000275	-3.013081912
1.21365	-0.00025	-3.013265079
1.2232	-0.00025	-3.042153246
1.2086	-0.00025	-3.053467324
1.21105	-0.0002375	-3.063882643
1.20455	-0.0002375	-3.050399675
1.2037	-0.000225	-3.022815742
1.21235	-0.000225	-3.063454524
1.21945	-0.0002125	-3.026294579
1.23295	-0.0002125	-3.043411056
1.22705	-0.0002125	-3.08238008
1.2281	-0.0002125	-3.080092622
1.2274	-0.0002125	-3.078874781
1.2284	-0.0002	-3.032832038
1.22625	-0.0002	-3.023802584
1.23485	-0.0002	-3.045763207
1.24735	-0.0002	-3.074688905
1.25455	-0.0002	-3.074688905
1.2522	-0.0002	-3.04473346
1.2595	-0.0002	-3.013041213
1.25825	-0.0002	-3.017160221
1.25805	-0.000225	-3.055397356
1.25465	-0.000225	-3.07954876
1.2619	-0.00025	-3.078222975
1.2638	-0.00025	-3.052366119
1.2633	-0.00025	-3.080571466
1.2628	-0.00025	-3.078570552
1.26495	-0.00025	-3.078700924
1.27125	-0.00025	-3.056055691
1.2817	-0.000275	-3.079614008
1.28775	-0.000275	-3.074126341
1.28265	-0.000275	-3.043578883
1.28485	-0.000275	-3.071879246
1.2941	-0.0003	-3.042132296
1.2956	-0.0003	-3.031525268
1.2887	-0.00035	-3.025923476
1.28385	-0.00035	-3.022137852
1.2908	-0.00035	-3.022137852
1.2917	-0.00035	-3.018509721
1.2963	-0.00035	-3.021788816
1.29605	-0.00035	-3.072678115
1.2979	-0.000325	-3.021009057
1.3079	-0.000325	-3.070908508
1.31085	-0.0003125	-3.067077911
1.30665	-0.0003125	-3.027594527
1.3034	-0.0003125	-3.06533962
1.30125	-0.0003	-3.071339831
1.29315	-0.0003	-3.024749223
1.28085	-0.0003	-3.011780358
1.2897	-0.000275	-3.020660414
1.28845	-0.000275	-3.025140487
1.29605	-0.000275	-3.065832901
1.28505	-0.000275	-3.050103986
1.29035	-0.000275	-3.022897942
1.28505	-0.0003	-3.00217297
1.28375	-0.000325	-3.004833565
1.2826	-0.000325	-3.009526985
1.29995	-0.000325	-3.022877391
1.29995	-0.000325	-3.022733549
1.29625	-0.000325	-3.06422527
1.29125	-0.000325	-3.066669892
1.29675	-0.000325	-3.07067136
1.29675	-0.000325	-3.07067136
1.29675	-0.000325	-3.07067136
1.3016	-0.000325	-3.001891201
1.32025	-0.000325	-3.008817513
1.31825	-0.000325	-3.018796213
1.32875	-0.000325	-3.069529525
1.338	-0.000325	-3.070111052
1.3431	-0.000325	-3.06125261
1.33125	-0.000325	-3.074039821
1.33725	-0.000325	-3.074191236
1.34605	-0.000325	-3.074775481
1.3409	-0.000325	-3.027388073
1.33635	-0.000325	-3.05754385
1.33445	-0.000325	-3.069809477
1.31915	-0.000325	-3.076638687
1.3245	-0.000325	-3.073866803
1.31315	-0.000325	-2.945818931
1.31145	-0.00035	-3.071188847
1.3187	-0.00035	-2.951657974
1.3274	-0.00035	-2.941168334
1.31915	-0.00035	-3.000503638
1.32055	-0.00035	-3.014915093
1.3194	-0.00035	-3.011536505
1.3221	-0.00035	-3.026294579
1.30725	-0.00035	-3.069938712
1.30655	-0.0003375	-3.072894135
1.30645	-0.0003375	-3.072894135
1.29855	-0.000325	-3.072894135
1.29675	-0.000325	-3.065189539
1.29655	-0.000325	-3.013590792
1.28765	-0.000325	-3.069142028
1.28925	-0.000325	-2.973677283
1.27905	-0.000325	-3.042216099
1.27695	-0.0002875	-3.027718419
1.2832	-0.000325	-3.040060407
1.29435	-0.000325	-3.076400177
1.2955	-0.0003375	-3.025346477
1.30335	-0.0003375	-3.072829324
1.3004	-0.0003125	-3.035305049
1.3035	-0.0003	-3.068991375
1.301	-0.0002875	-3.036845977
1.3038	-0.0002875	-3.073304702
1.30715	-0.0003	-3.048563592
1.2957	-0.0003	-2.995332354
1.3043	-0.00025	-3.073564094
1.3	-0.000225	-3.068216949
1.2949	-0.000225	-3.020865483
1.30325	-0.0002	-3.02916497
1.30225	-0.000225	-3.035554768
1.30835	-0.000225	-3.073412773
1.3094	-0.000225	-3.07967926
1.3202	-0.000225	-3.069228125
1.3286	-0.000275	-3.047425648
1.31525	-0.000275	-2.994792715
1.3098	-0.000275	-3.074602336
1.3049	-0.0003	-3.055142633
1.3172	-0.0003	-3.015180164
1.3277	-0.0003	-3.029723484
1.32935	-0.0003125	-3.016322811
1.34615	-0.0003125	-3.03622099
1.3608	-0.0003125	-3.074018192
1.3608	-0.0003125	-3.074018192
1.35875	-0.0003125	-3.033683393
1.3603	-0.0003125	-3.03225104
1.3623	-0.0003125	-3.03225104
1.354	-0.0003125	-3.03225104
1.3504	-0.0003125	-3.03225104
1.3386	-0.0003125	-3.029123611
1.3362	-0.0003125	-3.039412516
1.3408	-0.000325	-3.04446044
1.3255	-0.000325	-3.016996769
1.3284	-0.000325	-3.013550072
1.34215	-0.000325	-2.994013751
1.32805	-0.000325	-3.051012452
1.33005	-0.000325	-3.055185082
1.3223	-0.000325	-3.032998099
1.3258	-0.000325	-3.071426118
1.3268	-0.000325	-3.069701794
1.3427	-0.000325	-3.067550561
1.34255	-0.000325	-3.078440196
1.3369	-0.000325	-3.063433123
1.3273	-0.000325	-3.022445927
1.33075	-0.0003	-3.077072489
1.3294	-0.0003	-3.042320863
1.3285	-0.0003	-2.983487547
1.3257	-0.0003	-3.020024966
1.32385	-0.0003	-3.02567615
1.31595	-0.0003125	-3.081595219
1.30875	-0.000325	-3.066734305
1.3042	-0.000325	-3.027904287
1.30585	-0.000325	-3.030655036
1.2988	-0.000325	-2.997013093
1.3025	-0.000325	-3.078831314
1.2976	-0.000325	-3.073066985
1.29415	-0.000275	-3.07896172
1.2933	-0.000275	-3.074169604
1.28955	-0.000275	-3.076465219
1.29165	-0.000275	-3.075988337
1.29145	-0.000275	-3.073326315
1.29505	-0.000275	-3.075619993
1.29115	-0.00025	-2.994353225
1.28815	-0.00025	-2.985326601
1.28	-0.00025	-3.061402101
1.26995	-0.00025	-3.086751672
1.27445	-0.00025	-3.080723873
1.2719	-0.00025	-3.07902693
1.2735	-0.00025	-3.022815742
1.277	-0.00025	-3.06125261
1.27735	-0.00025	-3.072246215
1.2777	-0.00025	-3.030158101
1.2632	-0.00025	-3.037971939
1.26075	-0.00025	-3.043683789
1.26055	-0.00025	-3.069120505
1.2517	-0.000275	-3.043201311
1.252	-0.000275	-3.069723329
1.2481	-0.000275	-3.069658724
1.2393	-0.0003	-2.993614518
1.22675	-0.000325	-3.064053942
1.23085	-0.0003	-3.070477372
1.23745	-0.0003	-3.070477372
1.2416	-0.0003	-3.038368413
1.22855	-0.0003	-3.031504539
1.2304	-0.0003	-3.079853286
1.23075	-0.000275	-3.061188549
1.22615	-0.00025	-2.999398988
1.23955	-0.00025	-3.068324472
1.24185	-0.00025	-3.070197233
1.2315	-0.00025	-3.012491935
1.2312	-0.00025	-3.0351178
1.22985	-0.00025	-3.073477622
1.2269	-0.00025	-3.07711588
1.22955	-0.00025	-3.059652319
1.22385	-0.00025	-3.072570122
1.2257	-0.0002375	-3.070843826
1.21475	-0.00025	-3.068625599
1.21615	-0.00025	-3.024008299
1.21375	-0.0002	-2.997634081
1.21465	-0.0002	-3.065682746
1.2286	-0.0002	-3.080615009
1.2244	-0.000175	-3.05082224
1.22945	-0.000175	-3.079570508
1.21655	-0.00015	-3.072181446
1.213	-0.000125	-3.057203504
1.20765	-0.00015	-3.078309858
1.20775	-0.000175	-3.001187124
1.20555	-0.000175	-3.04955508
1.21545	-0.0002125	-2.971078686
1.2171	-0.0002	-3.063005196
1.21545	-0.000175	-3.072526929
1.20425	-0.000175	-3.080636781
1.20355	-0.000175	-3.080636781
1.20925	-0.000175	-2.958995412
1.20965	-0.000175	-3.064953743
1.21225	-0.000175	-2.985861154
1.22065	-0.000175	-3.070434268
1.23225	-0.000175	-3.065446834
1.23575	-0.000175	-3.035991926
1.2293	-0.0002	-3.048732287
1.23255	-0.0002	-3.048015531
1.2345	-0.0002	-3.013305787
1.2353	-0.0002	-3.041776212
1.22275	-0.0002	-3.042677141
1.2203	-0.0002	-3.079483516
1.2314	-0.0002	-3.082576392
1.22575	-0.0002	-3.083580364
1.22585	-0.0002	-3.011292712
1.20465	-0.0002	-3.084323079
1.2051	-0.0002	-3.283147715
1.20615	-0.0002	-3.234294078
1.20345	-0.0002	-3.193817426
1.20395	-0.0002	-3.160182479
1.2069	-0.0002	-3.022856841
1.20435	-0.000225	-3.013712962
1.20675	-0.000225	-3.057458752
1.2151	-0.000225	-3.072181446
1.21135	-0.000225	-3.125499332
1.22715	-0.000225	-3.133570068
1.2228	-0.000275	-3.122248331
1.2377	-0.00025	-3.114358164
1.24225	-0.000225	-3.138563923
1.24435	-0.000225	-3.104565479
1.23745	-0.000225	-3.065575507
1.23915	-0.000225	-3.123565645
1.23255	-0.000225	-3.123565645
1.24065	-0.0002	-3.108341218
1.23905	-0.0002	-3.104922335
1.2401	0.0002	-3.118216342
1.236	-0.0001375	-3.146601676
1.22765	-0.0001125	-3.14400029
1.22725	-0.0001125	-3.13260639
1.2296	-0.000125	-3.134971353
1.21575	-0.0001125	-3.139648834
1.21665	-0.0001125	-3.049808384
1.21145	-0.0001125	-3.072440547
1.21915	-0.0001125	-3.085241313
1.21385	-0.0001375	-3.098917379
1.21775	-0.000175	-3.12258885
1.20895	-0.0001	-3.096857327
1.20895	-7.50E-05	-3.130475829
1.20915	-5.00E-05	-3.130933631
1.2127	-5.00E-05	-3.142007381
1.20355	-5.00E-05	-3.139048525
1.2009	-5.00E-05	-3.09175871
1.2076	-7.50E-05	-3.114898766
1.2084	-7.50E-05	-3.112670666
1.20105	-7.50E-05	-3.123406567
1.20925	-7.50E-05	-3.137779826
1.2088	-7.50E-05	-3.289942273
1.22685	-2.50E-05	-3.265836414
1.231	-1.25E-05	-3.24222122
1.22405	0	-3.22260778
1.22445	0	-3.118261555
1.22705	2.50E-05	-3.06362575
1.2224	2.50E-05	-3.096370623
1.22115	2.50E-05	-3.070477372
1.22115	2.50E-05	-3.070477372
1.2265	2.50E-05	-3.116206427
1.20885	2.50E-05	-3.150796704
1.21025	2.50E-05	-3.16823024
1.1962	2.50E-05	-3.171801417
1.20195	2.50E-05	-3.198411652
1.2033	2.50E-05	-3.130704704
1.2033	2.50E-05	-3.130704704
1.1962	2.50E-05	-3.151193812
1.2	2.50E-05	-3.134190067
1.18575	2.50E-05	-3.135960325
1.18385	2.50E-05	-3.13582227
1.18985	2.50E-05	-3.134994341
1.18055	2.50E-05	-3.138148736
1.1858	2.50E-05	-3.153322194
1.19135	2.50E-05	-3.160819203
1.20755	2.50E-05	-3.245836006
1.2126	0	-3.357276195
1.20855	0	-3.32857909
1.1955	0	-3.220752585
1.19905	0	-3.220752585
1.19405	0	-3.115484747
1.18445	5.00E-05	-3.076898946
1.19005	5.00E-05	-3.09519908
1.18525	0.0001	-3.115574929
1.18245	0.0001	-3.158745443
1.18625	0.0001	-3.338081747
1.18705	0.0001	-3.328244362
1.1919	0.0001	-3.294165264
1.20285	7.50E-05	-3.35383681
1.20325	5.00E-05	-3.347988423
1.1931	5.00E-05	-3.33045005
1.19265	5.00E-05	-3.127322694
1.191	5.00E-05	-3.293572432
1.2107	2.50E-05	-3.375675844
1.2107	2.50E-05	-3.375675844
1.2107	2.50E-05	-3.375675844
1.21715	2.50E-05	-3.347362819
1.20585	2.50E-05	-3.318640913
1.2014	2.50E-05	-3.30784366
1.2155	2.50E-05	-3.309867841
1.23755	2.50E-05	-3.299299855
1.2285	0.0001	-3.090614545
1.2179	0.00015	-3.156652482
1.21515	0.000175	-3.191576856
1.2102	0.000125	-3.187813299
1.21745	0.0001375	-3.301822746
1.2213	0.0001	-3.302175915
1.2301	0.0001	-3.245913059
1.2372	0.000125	-3.255280507
1.2336	0.000225	-3.2557473
1.23765	0.0002125	-3.301035355
1.21905	0.0002125	-3.300357067
1.23445	0.0002125	-3.303344981
1.22195	0.000225	-3.303753117
1.21905	0.000175	-3.316020186
1.225	0.00015	-3.3097857
1.2229	0.0001	-3.228295047
1.24035	0.000225	-3.145578896
1.23555	0.00025	-3.169752383
1.242	0.00025	-3.095641011
1.21805	0.00025	-3.251786488
1.21325	0.00025	-3.228749409
1.2299	0.0002125	-3.189171402
1.24465	0.000175	-3.30800763
1.24285	0.000175	-3.295864866
1.24205	0.0001	-3.175241788
1.2542	5.00E-05	-3.14876691
1.26685	3.75E-05	-3.102115534
1.25585	2.50E-05	-3.170014235
1.2576	-2.50E-05	-3.274811457
1.268	-2.50E-05	-3.110739166
1.2826	-2.50E-05	-3.106105331
1.28235	-2.50E-05	-3.034265223
1.27845	-2.50E-05	-3.123724749
1.27895	-2.50E-05	-3.02310347
1.28225	-2.50E-05	-3.058246179
1.26735	-2.50E-05	-3.117199588
1.26935	-2.50E-05	-3.098695665
1.26825	-2.50E-05	-3.340027026
1.27125	-2.50E-05	-3.315662094
1.26005	-2.50E-05	-3.4943
1.25175	-7.50E-05	-3.438089608
1.25585	-7.50E-05	-3.391088648
1.24395	-7.50E-05	-3.277564821
1.24235	-7.50E-05	-3.150936842
1.2372	-0.000125	-3.18158004
1.2588	-7.50E-05	-3.390376143
1.26075	-0.00015	-3.336505747
1.25635	-0.00015	-3.403129247
1.26825	-0.00015	-3.281868874
1.27065	-0.00015	-3.205170178
1.2624	-0.000125	-3.38469431
1.25725	-0.000125	-3.298433234
1.23775	-0.000125	-3.388034395
1.2395	-0.000125	-3.388952655
1.2607	-0.000125	-3.387472007
1.26845	-0.0001	-3.129972489
1.2786	-0.000175	-3.216403883
1.28015	-0.000175	-3.282961115
1.2846	-0.0002125	-3.232847982
1.2724	-0.000225	-3.308198963
1.2694	-0.000225	-3.29276459
1.27485	-0.000225	-3.288922823
1.2673	-0.00025	-3.390465178
1.25855	-0.00025	-3.414434608
1.253	-0.00025	-3.414434608
1.253	-0.00025	-3.206502689
1.24845	-0.00025	-3.332744656
1.24205	-0.000275	-3.240073925
1.24205	-0.000275	-3.240073925
1.24205	-0.000275	-3.240073925
1.24205	-0.000275	-3.240073925
1.2421	-0.000275	-3.231176165
1.23525	-0.000275	-3.27531391
1.2373	-0.000275	-3.2649983
1.23815	-0.0003	-3.379983985
1.23315	-0.0003	-3.379132609
1.2291	-0.0003	-3.378369922
1.22605	-0.000325	-3.279395765
1.21425	-0.000325	-3.294300048
1.2236	-0.000325	-3.31401102
1.22125	-0.000325	-3.171324523
1.2218	-0.0003	-3.296296972
1.2143	-0.0003	-3.201478048
1.2064	-0.00035	-3.248484878
1.21065	-0.00035	-3.222708159
1.20875	-0.000325	-3.183532813
1.19635	-0.000275	-3.208356349
1.1988	-0.000275	-3.397016135
1.18985	-0.00025	-3.344013968
1.1924	-0.00025	-3.225548035
1.1794	-0.000225	-3.294974238
1.17735	-0.000225	-3.238262539
1.1931	-0.000225	-3.397733388
1.19175	-0.000225	-3.384222277
1.1924	-0.000225	-3.29465057
1.1893	-0.000225	-3.271933833
1.1788	-0.000225	-3.278625829
1.17695	-0.000225	-3.30981308
1.17075	-0.000225	-3.326600243
1.16345	-0.000175	-3.209891307
1.15245	-0.0002125	-3.395105972
1.1505	-0.0002125	-3.369727785
1.1473	-0.0002125	-3.377080545
1.1434	-0.000225	-3.542219618
1.14855	-0.00025	-3.509328398
1.15015	-0.00025	-3.485187872
1.147	-0.000275	-3.440645321
1.16285	-0.000275	-3.277591333
1.16865	-0.0002125	-3.315854897
1.1692	-0.0002125	-3.431883419
1.16855	-0.000225	-3.351893064
1.17715	-0.000225	-3.279023998
1.18235	-0.000225	-3.311100769
1.17885	-0.000225	-3.477905655
1.17875	-0.00025	-3.42802402
1.1688	-0.000275	-3.411581106
1.16635	-0.000275	-3.472929716
1.1634	-0.000275	-3.466792461
