0.963907693
0.990554451
0.985134086
0.986411029
1.035086346
1.006421656
0.983624057
0.962859912
0.98474847
0.944844914
0.976252061
0.967629037
1.009899503
0.954575099
0.965084589
0.945284971
1.006987922
1.034460001
0.960939471
0.981227513
0.977171715
1.023494031
0.999484343
1.004672143
0.96637022
1.005382538
1.016717818
0.956760454
1.008865315
1.041869765
0.989338672
1.036850055
1.050036203
0.957965533
0.98729782
1.017959671
1.033790612
0.996559645
1.008630569
1.017851516
1.002215249
1.025664144
1.03766263
0.971084136
1.034205125
1.004400079
1.068850329
1.009970357
1.017684696
0.97705126
0.977116364
1.004367007
0.992352348
0.964567864
1.029752088
1.029039794
1.01024958
0.988757395
0.980530809
0.979217938
1.040107611
0.963046881
1.054212801
0.981313235
1.025362966
1.011621795
0.987866049
0.956830962
1.046899065
1.051858205
0.993577476
0.949839403
0.96185252
0.996759372
0.979810349
0.998348892
1.039629111
1.026759573
1.07963395
1.010908085
1.023454274
0.905609872
1.012922739
1.013202763
0.95987309
0.999842662
0.988025199
0.954774188
0.97859263
0.950339433
1.022333477
1.048000415
0.973915061
0.99826429
0.960353092
0.985352289
1.0205367
1.003062668
1.029662093
0.993891916
