1.002839392
1.017977072
1.006770398
1.006561136
0.995973803
0.998676376
0.994003255
0.994706921
0.999567205
0.987270163
1.006424163
0.999888519
1.007442434
0.995072106
1.003583907
1.008472018
0.997002949
0.988436555
1.001279867
0.998419542
1.012042212
0.998224149
0.990509132
0.9994645
1.004201203
0.995716426
0.998852141
1.003121439
0.991618991
1.001567128
1.00496225
1.007657682
1.001198799
0.988152325
1.0004339
0.998310022
1.003932501
0.994789457
0.996907679
0.997291621
1.00354995
1.007077909
1.002990266
0.994553781
1.000281536
0.994006017
1.001279069
1.005449657
1.004347223
1.004606902
0.996989409
1.006257223
0.999799776
1.002661786
1.001113548
1.004059251
1.004897539
1.001132276
1.006221297
0.998275884
0.991266042
0.996063266
1.003862142
1.003579385
0.995314262
0.997784734
1.003462454
1.009152163
0.995260111
1.006069763
1.011594221
1.010253874
1.002875746
1.014078786
1.015972681
0.997180924
1.009770867
1.000872706
1.002129349
0.998890108
1.001282154
0.997965108
1.008449708
1.000159039
0.99787642
1.01141921
1.001660505
0.999559401
1.003553526
1.0023416
1.000713213
0.996199783
1.002803483
1.013246617
1.003356253
0.998915264
1.000107662
0.997521727
1.000330932
1.002171326
