0.982777483
0.970724243
1.002505968
0.953004378
1.010065174
0.963249921
0.997538317
1.002838526
0.975291889
1.014165063
1.073756035
1.007481965
0.978265851
1.008350764
1.000167166
0.9846118
0.988637326
1.004107983
1.001059079
0.992376728
1.017866795
0.965825309
0.986177874
0.952201842
1.006327053
1.031226956
0.991689538
1.028704887
0.985192898
0.978307812
0.974042012
0.996748192
1.006369231
1.007890348
1.015155341
1.03208375
0.975037462
0.9604967
0.950170223
0.993300798
1.014654172
1.019494289
1.026049135
0.994570534
1.008796265
0.989757936
0.997145989
1.003368674
0.990509011
1.02605804
1.002959612
0.956495259
1.01217808
0.985895249
1.02551929
1.020756936
1.043570012
0.996781317
0.957981301
1.01357778
1.007248951
1.037035336
0.996084053
0.981414846
1.006959139
1.024017428
0.998152904
0.985757507
1.000558125
1.00408784
1.032095333
1.020605579
1.005600807
0.998322211
0.991054204
1.006011789
0.981020971
1.015544314
1.008995307
0.978406291
1.005767373
1.030080217
1.016135064
0.991606261
1.001841975
0.993574895
1.025687057
1.00202117
0.990672689
1.011284733
0.984194686
0.98528113
0.984132969
0.990975374
1.017421255
1.025065247
1.020663918
0.945912372
1.040390303
1.002337132
