1.030597987
0.995135503
0.952898053
0.944680209
1.03113369
0.99633173
0.977236873
0.922959946
0.980641974
0.958381687
0.976668961
0.929218959
1.022187028
0.950631763
0.931727518
0.975688268
0.989115015
0.984967163
0.92377673
0.967123026
0.998984661
1.05100824
0.959961912
1.000784814
0.934593155
1.041571363
0.972689009
0.899232259
1.02873296
1.007271333
0.991778473
1.088326743
1.069820346
0.985539106
0.927647423
0.926646075
1.014675125
0.989728042
0.998536794
1.033038539
0.963356897
1.024531708
0.968602455
0.988132893
1.030041543
0.945933045
1.113997303
0.976426113
0.982714512
0.941319023
0.929857427
1.028521494
0.992233105
0.967679357
0.969323571
1.010791772
0.952027435
0.975802274
0.961993811
0.936791669
0.988202336
0.942115339
1.085121387
0.99525641
1.058298823
0.995526698
0.976671179
0.887597599
1.029044856
1.05298739
0.976383709
0.955607262
0.980701669
1.012468581
0.999324772
0.962637259
0.992435902
1.022915643
1.092975322
1.021624174
0.960469519
0.902407064
0.973009058
0.991354233
0.984391949
0.979224515
0.970649343
0.907116286
1.023441404
0.924188254
1.01304214
1.086954212
1.01939757
0.946803455
0.923515537
0.981870223
0.971578083
0.997577396
1.020458019
0.996017386
