1.002204826
1.006408468
0.997955198
1.000604751
1.000282186
0.99743717
0.993943902
0.993677282
0.996139558
0.996573113
1.000255948
1.002785417
0.999998483
0.993541193
1.001776978
1.004558315
0.997962376
0.991621896
1.00336198
1.002048085
1.002861613
1.001762075
0.992867356
0.999543834
1.001326185
1.003310527
0.999143423
0.996256318
0.995462732
0.99671801
1.004606118
0.999187089
1.003263758
0.988182519
1.002906233
0.996597806
1.002781338
0.997263561
0.996454693
0.99815589
1.00348403
1.002610835
1.000607563
0.992653755
0.991646665
0.990538451
0.994647679
0.998808434
1.001006043
1.001756329
1.004695086
0.999410537
1.003247172
0.999169115
0.996342396
1.002914924
1.000944243
1.001206857
1.005809254
0.996180931
0.996691056
0.993480871
1.002270872
1.000175869
1.000953913
0.99457436
0.999400567
1.008404523
0.99890073
0.997943726
1.008390082
1.01017905
1.003307155
1.005038437
1.006472936
0.996440429
1.004303583
0.99585944
1.004166766
0.996313889
1.000880348
0.996669888
1.006869785
0.995215599
0.997508766
1.006215977
0.999538262
1.006440413
0.998823376
0.999190018
0.997863132
0.997347334
0.993301926
1.007212918
1.005782669
1.000960385
0.996255148
1.003011491
1.000914668
1.007073377
