0.981932113
0.958974652
1.008333922
0.898248958
1.033470502
0.953593336
0.967554316
0.987689482
0.992194627
0.996612098
1.098875728
1.027323422
0.956526103
0.989016943
1.001995749
0.967449575
0.990411998
1.026076175
1.014744229
0.961463999
1.055245533
0.947900385
0.986804058
0.928983175
1.070986052
1.021354655
0.97081743
1.023270855
0.982647975
1.000456036
0.971672799
1.034829298
1.005518781
1.014921864
1.034371524
1.007665648
0.979197207
0.955405191
0.934817366
1.017150084
1.014325415
0.980429328
1.039665943
0.985232773
0.999449691
0.929926551
1.008606697
0.998043127
0.957714929
1.035099444
1.003245986
0.970835693
1.037155276
1.019775222
1.028236845
1.043812941
1.061414386
0.979352742
0.980425266
1.023322564
0.977537204
0.988325893
0.969583684
1.014087038
0.995197319
1.053015923
1.044223578
0.956709946
0.991528537
0.958620013
1.036829043
1.020117377
0.99961024
0.975427873
0.985615643
1.034495178
0.954084266
1.039063953
0.972109634
1.012308985
1.035256632
1.040917972
1.044002934
1.004030029
1.010885207
1.012880905
1.045377761
1.004910349
1.008954981
1.061223894
0.985454863
0.984073762
0.984814394
0.966730764
1.043897832
1.056626305
1.011729515
0.912259991
1.016152125
1.03036532
