1.007598342
1.057338744
0.991362115
1.169299033
0.931607149
1.058457433
1.042367728
1.027382799
1.003956589
1.001625534
0.862828027
0.967918429
1.050562048
1.017718764
1.005649725
1.047065011
1.004256528
0.951015317
0.988058339
1.056030104
0.914494201
1.052358825
1.015545993
1.096655738
0.906163762
0.947292712
1.039805208
0.98483275
1.003455404
0.985283075
1.034017041
0.919227138
0.963572989
0.967152302
0.958743779
0.998777607
1.015873634
1.055903122
1.08669622
0.953814359
0.979178842
1.01513145
0.941639546
1.011992437
0.982331581
1.112347215
0.948382325
0.999899786
1.059466359
0.955918401
1.002213954
1.024726204
0.93731706
0.968109948
0.957226714
0.925165506
0.917048883
1.026710766
1.028259127
0.971574058
1.02336071
1.023333807
1.013602431
0.969148186
0.979644969
0.914515435
0.931726208
1.091700628
0.992121076
1.040129026
0.946592355
0.975201575
0.995595538
1.027098163
1.01517081
0.947643995
1.063736433
0.927651316
1.00797737
0.963337175
0.948358482
0.956517065
0.935434497
0.984521011
0.976069044
0.978313104
0.93262458
1.007137786
0.969944725
0.922076881
1.00631474
0.988158938
1.006362531
1.058699614
0.947228727
0.91324789
0.980104822
1.124391555
0.962037732
0.946132101
