1.031141362
1.043859414
0.993716199
1.071228618
0.970299871
1.048055892
1.000243514
0.997881976
1.034779047
0.98693139
0.895438462
0.992640706
1.024547446
0.991876211
1.004008884
1.03449021
1.008756551
0.976362068
1.00434735
1.011452335
0.974694245
1.040812975
1.012794758
1.066893407
0.994231427
0.948166675
1.001944324
0.962214216
1.012649391
1.014857095
1.038374171
0.98914817
0.972947539
0.989831357
0.976001489
0.941681901
1.024070945
1.055127633
1.067931992
0.9988869
0.973013631
0.959705023
0.946688529
1.007743669
0.969562844
1.005235836
0.979054282
0.986116065
1.004097566
0.962417804
0.997454141
1.060054268
0.979160986
1.025081385
0.948031789
0.957136395
0.928763805
1.002428226
1.06677908
0.978274194
0.971994098
0.947666228
0.986763485
1.027626388
0.977535528
0.954140256
0.999996664
1.030672487
0.980857841
0.974110751
0.951530737
0.980459988
0.997227601
0.99922434
1.015356402
0.984462892
1.013867382
0.962978668
0.96221259
1.02279382
0.97975645
0.974582586
0.969179031
1.001679056
1.001500458
1.005958089
0.959370211
1.005651565
1.013688907
0.990554157
1.011394284
1.00288809
1.02314
1.010666829
0.980844673
0.961422719
0.95726366
1.078760587
0.928472278
0.994637737
