1.000760614
0.994805253
1.002699257
0.998790428
0.996855854
0.999727718
1.005644819
1.007952907
1.003077379
1.007897858
1.004439232
1.000901973
0.998079564
1.009035825
1.001611428
1.000828424
1.000225964
1.003124102
1.000856522
0.999646337
1.000355946
0.995136518
1.004598643
0.997915269
1.002054416
0.997988194
0.998608933
1.007552639
1.001790379
0.997740554
0.996356593
0.997022502
0.993259018
1.012745246
0.999305845
1.00188107
0.993840923
1.000631077
0.999778718
0.999300328
0.99752977
0.996298977
0.996984098
1.007651065
1.003301299
1.006039795
0.997700611
0.999879951
0.997105783
1.001486553
0.998459791
0.998199034
0.998490936
1.003064103
1.000802092
0.995830744
0.999759806
0.999750378
0.995675928
1.004969615
0.99897825
1.009357231
0.993258594
1.000617617
0.99708335
1.003647557
1.001218211
0.996967127
0.996518875
0.99693674
0.995343019
0.997604159
1.000980354
0.996270655
0.99647182
1.002767515
0.992448076
1.001051533
0.990242336
1.000725936
0.997258978
1.012230373
0.994160574
1.001829418
1.005327401
0.994959796
1.002120579
0.999197783
1.002210177
1.00531808
0.9987906
0.99701103
1.006515495
0.99427523
0.99973182
1.001285114
1.001488077
0.995271873
0.997972904
0.99518319
