0.986959045
1.043712119
1.040036882
1.02067091
0.974996993
0.983147228
0.980982444
1.013965407
1.001531891
0.975839402
1.04646943
1.034827433
0.99867165
1.001938304
1.039719356
1.02665866
0.9889277
0.971297991
1.039321559
0.998116293
1.044119707
0.955703357
0.98207311
0.978469296
1.054382385
0.967603929
0.998087874
1.059185357
0.952655465
0.996003248
1.008494858
0.9861504
0.968059825
0.969266034
1.038359618
1.026298541
0.99560971
0.974814017
0.972794505
0.975148074
1.026110862
1.001145205
1.026496666
0.981460274
0.981729632
0.987833682
0.950030165
1.022222365
1.007456532
1.044726012
1.020473581
0.995275538
1.005948137
1.02317381
1.018212631
1.011157187
1.045222914
1.005867178
1.028314976
1.025123932
0.968433622
1.008821774
0.962192792
1.011565686
0.953296222
1.001180373
1.025965854
1.069790149
0.96488731
0.980535725
1.049173986
1.052379528
1.013568093
1.027298487
1.041431982
1.011195321
1.018280769
0.995016306
0.953664833
0.984294728
1.024496168
1.046419921
1.042358241
1.00026858
0.998907508
1.042263633
1.023538845
1.040507051
0.997642484
1.052152389
0.98801677
0.941051942
0.992299117
1.053792522
1.051809582
1.012211292
1.010828707
0.970561241
0.98967985
1.010018802
