0.994213749
0.985386778
0.999173399
0.996032659
1.00088214
0.999080819
1.00488398
1.010305979
1.001338523
1.01293688
1.000614995
1.007280053
0.990476077
1.007461516
1.003363352
0.994474153
1.002329642
1.010360395
1.006327399
1.002303566
0.992894346
0.994407276
1.009765082
0.997200678
1.005186834
0.999835031
1.00168855
1.007704519
1.002549426
0.997579646
0.995584623
0.987570382
0.992675596
1.010387061
1.007214642
1.007791219
0.99443783
1.002663639
0.999493667
0.999196642
1.000732646
0.991360194
1.001474168
1.004183892
0.996534692
1.006320812
0.989098955
0.997507589
0.996234684
1.002875891
1.008451962
0.991337449
1.001755756
1.00132883
1.002401036
0.997079157
1.002506511
1.000131616
0.997718867
1.007563878
1.006106043
1.007468866
0.988148064
0.997881016
0.997681255
1.003475162
1.000732045
1.001939773
1.000002019
0.988792694
0.994507646
0.996936644
0.999246871
0.987249853
0.987466923
1.006288612
0.991194178
0.998200361
0.988785125
0.998845817
1.00337652
1.012097738
0.997302975
1.000267965
1.003038917
0.993475036
1.002658359
1.008898555
0.995245392
1.007267188
0.997217798
0.994170352
0.995276057
0.993435776
1.005896625
1.004096762
1.002360639
0.998311394
0.997959602
0.999405858
