1.01769321
1.015491731
0.99872631
0.996052906
0.984674196
0.979217194
0.986071196
0.996152098
0.987721152
1.016084118
1.024625092
1.022785556
0.98858047
1.000841888
1.019407212
1.034226428
0.985801886
0.957089907
1.026412745
1.011003156
1.020645537
0.985266033
0.973055906
0.984203487
1.018685594
1.011682256
0.985632055
1.012343523
0.976553842
0.964193476
1.011249534
0.97779224
0.98643563
0.982551262
1.015482727
0.985579597
0.985676381
0.982644735
0.97249548
0.982422619
1.010248083
0.997944347
0.987820739
0.987380983
0.95824571
0.964344267
0.949949836
0.990073059
0.990656683
1.019012188
1.023195017
0.984819274
1.013562347
1.008728521
0.978145847
0.99762253
1.004772104
1.005822977
1.015718548
0.998326588
0.970852109
1.0025033
0.979458215
1.002975988
0.990430355
0.980563929
1.000989146
1.040585571
0.973264234
0.968882482
1.032760884
1.056523457
1.026744463
1.014134086
1.024891456
0.988668661
0.988965953
0.975943655
0.976950722
0.976843334
0.990816408
1.03916263
1.015984102
0.975142061
1.009163475
1.015322494
1.007010271
1.038954138
1.002015198
1.020857253
0.977627548
0.964865918
0.985891325
1.018546681
1.037445746
1.012482783
0.981010686
0.994252984
0.995274604
1.022481703
