1.351601
1.364099
1.3462505
1.3656995
1.3674
1.36425
1.34555
1.3833505
1.3824995
1.4059495
1.4081505
1.4467
1.4618495
1.4620995
1.4656
1.4716
1.4804495
1.4468505
1.4371995
1.4374995
1.4149995
1.4194495
1.42155
1.3948005
1.4033
1.4167995
1.4106005
1.4242005
1.4330005
1.449249
1.4516495
1.4643005
1.4701505
1.4710005
1.4645995
1.4757
1.4771495
1.4873495
1.4738
1.476551
1.4695995
1.4677995
1.4813005
1.4934
1.4917
1.4927505
1.501099
1.533099
1.541649
1.5471
1.5589995
1.5548
1.5594005
1.5571995
1.5584505
1.5751505
1.5693005
1.5658005
1.56785
1.5784
1.5892
1.58525
1.5818505
1.582
1.59705
1.58955
1.5909
1.5795
1.57315
1.56795
1.56645
1.5694
1.5714
1.58625
1.57545
1.57555
1.5753
1.5758505
1.55645
1.54855
1.54855
1.5632
1.54885
1.55175
1.55035
1.5458
1.53425
1.54195
1.5537
1.54835
1.5729
1.5735
1.5537
1.54475
1.5461
1.5528
1.554
1.5531
1.5627
1.572
1.57695
1.57695
1.5715
1.5766
1.56375
1.5514
1.5551
1.5477
1.54565
1.54865
1.55025
1.5433
1.54215
1.5397
1.5554
1.5481
1.5405
1.5571
1.5571
1.56075
1.5645
1.5661
1.5701
1.5878
1.59815
1.59185
1.5731
1.5903
1.5952
1.58035
1.5841
1.58205
1.5789
1.5775
1.5709
1.5714
1.57435
1.5633
1.56105
1.5596
1.5845
1.57605
1.5798
1.576
1.55945
1.5417
1.5417
1.5417
1.56415
1.57835
1.57645
1.56045
1.55825
1.5494
1.53285
1.53685
1.5358
1.5356
1.5268
1.52345
1.52025
1.5182
1.51785
1.50985
1.48825
1.483
1.4815
1.47905
1.46475
1.4745
1.4651
1.4688
1.46215
1.45645
1.4591
1.4497
1.44965
1.4502
1.4656
1.4643
1.4816
1.4825
1.4804
1.47865
1.4767
1.4795
1.46975
1.4712
1.45555
1.4613
1.4479
1.46245
1.4688
1.46885
1.4854
1.488
1.4791
1.4735
1.46695
1.47135
1.4719
1.4776
1.4723
1.4727
1.4689
1.4689
1.4689
1.4568
1.4369
1.4369
1.4369
1.4369
1.43435
1.43845
1.44025
1.4376
1.4435
1.4604
1.46805
1.4693
1.47145
1.4653
1.46205
1.46575
1.4754
1.46595
1.46795
1.47715
1.4757
1.4861
1.48385
1.48005
1.48495
1.4825
1.4779
1.46555
1.46305
1.4626
1.4691
1.4603
1.4536
1.4678
1.46895
1.4664
1.45495
1.447
1.44815
1.44345
1.4468
1.44245
1.44045
1.43865
1.43055
1.42275
1.42415
1.41455
1.42485
1.42815
1.4196
1.41575
1.42245
1.41705
1.42375
1.4163
1.40895
1.40645
1.41425
1.4135
1.41465
1.41515
1.4242
1.4226
1.41525
1.41215
1.4124
1.40945
1.4093
1.40855
1.39565
1.38695
1.38675
1.38665
1.3882
1.38865
1.3836
1.3793
1.37655
1.36925
1.3649
1.3587
1.3612
1.3633
1.36375
1.3647
1.36425
1.3641
1.36385
1.35755
1.35165
1.34885
1.34815
1.3512
1.3402
1.347
1.35705
1.36155
1.3677
1.3705
1.38175
1.3764
1.3796
1.3765
1.36735
1.3675
1.36885
1.3683
1.36565
1.3719
1.37055
1.38245
1.38175
1.3832
1.3821
1.38085
1.37865
1.37735
1.3774
1.37705
1.37755
1.37195
1.36265
1.36315
1.36
1.3624
1.36105
1.363
1.3505
1.3465
1.34305
1.346
1.3452
1.343
1.33985
1.3418
1.34105
1.33945
1.33645
1.3313
1.33055
1.3317
1.33445
1.3359
1.34585
1.34925
1.35245
1.3483
1.3419
1.3455
1.343
1.34845
1.3455
1.3455
1.34355
1.3489
1.34625
1.34585
1.34945
1.34915
1.35755
1.3598
1.35385
1.35215
1.3514
1.35515
1.35265
1.36225
1.3587
1.3565
1.35955
1.36475
1.36475
1.36585
1.36055
1.36605
1.3623
1.3566
1.35935
1.3608
1.35835
1.35705
1.35485
1.35125
1.34955
1.3439
1.3441
1.34355
1.34355
1.34355
1.33765
1.3373
1.33745
1.3312
1.33335
1.3368
1.33485
1.33335
1.3302
1.3359
1.3305
1.3291
1.3299
1.33065
1.32495
1.3226
1.31995
1.3186
1.31125
1.31365
1.3146
1.3107
1.3099
1.31715
1.31635
1.32115
1.32445
1.31695
1.31665
1.3108
1.31305
1.3153
1.31405
1.3124
1.31445
1.3125
1.30135
1.29615
1.2997
1.3037
1.3016
1.2951
1.29255
1.29745
1.30225
1.29945
1.2956
1.29355
1.2905
1.2976
1.2963
1.30335
1.29565
1.2945
1.2948
1.29485
1.29305
1.29345
1.2934
1.28875
1.29465
1.30015
1.30085
1.2992
1.309
1.31945
1.32765
1.31435
1.31435
1.31435
1.31255
1.3164
1.3164
1.3164
1.3164
1.3184
1.31685
1.30675
1.30885
1.3169
1.3223
1.3241
1.32145
1.3317
1.32965
1.33155
1.33075
1.3324
1.33365
1.3257
1.31525
1.3151
1.31245
1.3092
1.29505
1.29325
1.28275
1.2817
1.28275
1.28065
1.28085
1.28115
1.28145
1.2857
1.27945
1.2757
1.28005
1.2711
1.27045
1.27675
1.2774
1.2765
1.27185
1.2724
1.26695
1.25885
1.25455
1.2552
1.2603
1.25965
1.25145
1.25385
1.2517
1.24935
1.2536
1.2548
1.25375
1.26025
1.25875
1.26885
1.26885
1.2738
1.27445
1.26665
1.26895
1.27095
1.26755
1.27405
1.28025
1.272
1.27025
1.27035
1.26855
1.26505
1.275
1.2676
1.26885
1.26915
1.2668
1.2731
1.27885
1.28065
1.28655
1.28045
1.27995
1.2832
1.27565
1.27895
1.2747
1.2795
1.27965
1.28135
1.29205
1.28205
1.28615
1.28525
1.2787
1.27445
1.2767
1.27725
1.2883
1.2839
1.28595
1.28925
1.27915
1.28105
1.27435
1.2762
1.27655
1.2734
1.26155
1.2625
1.26255
1.26865
1.26465
1.25645
1.24925
1.25195
1.26345
1.26945
1.26875
1.2749
1.27385
1.28215
1.2752
1.27155
1.27985
1.28025
1.2786
1.2538
1.25275
1.2595
1.2551
1.25165
1.25745
1.2643
1.25725
1.25535
1.26395
1.262
1.2618
1.2562
1.25855
1.26465
1.2638
1.27765
1.2811
1.2943
1.29295
1.28175
1.28405
1.2889
1.2719
1.2719
1.2779
1.2762
1.28505
1.28135
1.2706
1.2809
1.27865
1.2848
1.2832
1.28825
1.2821
1.27975
1.27615
1.27185
1.27385
1.2688
1.261
1.2643
1.25965
1.25965
1.25385
1.24405
1.2403
1.23665
1.2338
1.23065
1.23325
1.22815
1.2086
1.2086
1.2086
1.21105
1.2128
1.21045
1.21105
1.22295
1.22695
1.22615
1.2114
1.21005
1.21405
1.1999
1.20865
1.2029
1.2014
1.19825
1.20865
1.2093
1.2174
1.21705
1.21545
1.20345
1.20195
1.19255
1.1882
1.1922
1.192
1.1884
1.201
1.20105
1.1984
1.1933
1.19215
1.18565
1.1867
1.19205
1.18825
1.1899
1.19465
1.19235
1.18845
1.18985
1.1871
1.1907
1.1912
1.1952
1.19525
1.19515
1.1982
1.2003
1.20875
1.21
1.21445
1.20865
1.21365
1.22475
1.2264
1.22765
1.22825
1.20945
1.21135
1.21035
1.20655
1.21195
1.2077
1.2037
1.2098
1.20685
1.2076
1.21475
1.20915
1.2087
1.1977
1.18445
1.18445
1.18445
1.1915
1.1866
1.1866
1.1866
1.1866
1.18145
1.18875
1.19945
1.2004
1.19495
1.2032
1.19345
1.1954
1.18325
1.18275
1.17235
1.17775
1.17605
1.1693
1.1714
1.17915
1.1762
1.17945
1.17325
1.1787
1.17915
1.17155
1.17425
1.17065
1.1726
1.16625
1.1674
1.17005
1.17065
1.17475
1.17355
1.176
1.17945
1.1813
1.20055
1.20655
1.19915
1.1978
1.20985
1.21465
1.2078
1.21
1.19805
1.20115
1.19785
1.19845
1.19285
1.20295
1.2069
1.1934
1.20295
1.1995
1.2046
1.2116
1.2133
1.19555
1.19385
1.191
1.2057
1.2014
1.20095
1.20045
1.2031
1.20685
1.2146
1.2227
1.21725
1.2148
1.22165
1.22185
1.2307
1.22795
1.2288
1.24285
1.24125
1.24465
1.24825
1.25195
1.25475
1.2465
1.22995
1.21905
1.22695
1.23335
1.229
1.22545
1.22045
1.22315
1.21445
1.21745
1.2305
1.2327
1.23675
1.24345
1.24415
1.23835
1.2347
1.2365
1.23375
1.237
1.23155
1.22085
1.22095
1.21475
1.20835
1.20405
1.2024
1.20665
1.2115
1.21185
1.2015
1.1991
1.2059
1.2043
1.21025
1.20915
1.2198
1.20695
1.1933
1.19515
1.19285
1.1907
1.19075
1.19695
1.21095
1.20685
1.20815
1.21635
1.20895
1.20495
1.21325
1.21345
1.21365
1.2232
1.2086
1.21105
1.20455
1.2037
1.21235
1.21945
1.23295
1.22705
1.2281
1.2274
1.2284
1.22625
1.23485
1.24735
1.25455
1.2522
1.2595
1.25825
1.25805
1.25465
1.2619
1.2638
1.2633
1.2628
1.26495
1.27125
1.2817
1.28775
1.28265
1.28485
1.2941
1.2956
1.2887
1.28385
1.2908
1.2917
1.2963
1.29605
1.2979
1.3079
1.31085
1.30665
1.3034
1.30125
1.29315
1.28085
1.2897
1.28845
1.29605
1.28505
1.29035
1.28505
1.28375
1.2826
1.29995
1.29995
1.29625
1.29125
1.29675
1.29675
1.29675
1.3016
1.32025
1.31825
1.32875
1.338
1.3431
1.33125
1.33725
1.34605
1.3409
1.33635
1.33445
1.31915
1.3245
1.31315
1.31145
1.3187
1.3274
1.31915
1.32055
1.3194
1.3221
1.30725
1.30655
1.30645
1.29855
1.29675
1.29655
1.28765
1.28925
1.27905
1.27695
1.2832
1.29435
1.2955
1.30335
1.3004
1.3035
1.301
1.3038
1.30715
1.2957
1.3043
1.3
1.2949
1.30325
1.30225
1.30835
1.3094
1.3202
1.3286
1.31525
1.3098
1.3049
1.3172
1.3277
1.32935
1.34615
1.3608
1.3608
1.35875
1.3603
1.3623
1.354
1.3504
1.3386
1.3362
1.3408
1.3255
1.3284
1.34215
1.32805
1.33005
1.3223
1.3258
1.3268
1.3427
1.34255
1.3369
1.3273
1.33075
1.3294
1.3285
1.3257
1.32385
1.31595
1.30875
1.3042
1.30585
1.2988
1.3025
1.2976
1.29415
1.2933
1.28955
1.29165
1.29145
1.29505
1.29115
1.28815
1.28
1.26995
1.27445
1.2719
1.2735
1.277
1.27735
1.2777
1.2632
1.26075
1.26055
1.2517
1.252
1.2481
1.2393
1.22675
1.23085
1.23745
1.2416
1.22855
1.2304
1.23075
1.22615
1.23955
1.24185
1.2315
1.2312
1.22985
1.2269
1.22955
1.22385
1.2257
1.21475
1.21615
1.21375
1.21465
1.2286
1.2244
1.22945
1.21655
1.213
1.20765
1.20775
1.20555
1.21545
1.2171
1.21545
1.20425
1.20355
1.20925
1.20965
1.21225
1.22065
1.23225
1.23575
1.2293
1.23255
1.2345
1.2353
1.22275
1.2203
1.2314
1.22575
1.22585
1.20465
1.2051
1.20615
1.20345
1.20395
1.2069
1.20435
1.20675
1.2151
1.21135
1.22715
1.2228
1.2377
1.24225
1.24435
1.23745
1.23915
1.23255
1.24065
1.23905
1.2401
1.236
1.22765
1.22725
1.2296
1.21575
1.21665
1.21145
1.21915
1.21385
1.21775
1.20895
1.20895
1.20915
1.2127
1.20355
1.2009
1.2076
1.2084
1.20105
1.20925
1.2088
1.22685
1.231
1.22405
1.22445
1.22705
1.2224
1.22115
1.22115
1.2265
1.20885
1.21025
1.1962
1.20195
1.2033
1.2033
1.1962
1.2
1.18575
1.18385
1.18985
1.18055
1.1858
1.19135
1.20755
1.2126
1.20855
1.1955
1.19905
1.19405
1.18445
1.19005
1.18525
1.18245
1.18625
1.18705
1.1919
1.20285
1.20325
1.1931
1.19265
1.191
1.2107
1.2107
1.2107
1.21715
1.20585
1.2014
1.2155
1.23755
1.2285
1.2179
1.21515
1.2102
1.21745
1.2213
1.2301
1.2372
1.2336
1.23765
1.21905
1.23445
1.22195
1.21905
1.225
1.2229
1.24035
1.23555
1.242
1.21805
1.21325
1.2299
1.24465
1.24285
1.24205
1.2542
1.26685
1.25585
1.2576
1.268
1.2826
1.28235
1.27845
1.27895
1.28225
1.26735
1.26935
1.26825
1.27125
1.26005
1.25175
1.25585
1.24395
1.24235
1.2372
1.2588
1.26075
1.25635
1.26825
1.27065
1.2624
1.25725
1.23775
1.2395
1.2607
1.26845
1.2786
1.28015
1.2846
1.2724
1.2694
1.27485
1.2673
1.25855
1.253
1.253
1.253
1.24845
1.24205
1.24205
1.24205
1.24205
1.2421
1.23525
1.2373
1.23815
1.23315
1.2291
1.22605
1.21425
1.2236
1.22125
1.2218
1.2143
1.2064
1.21065
1.20875
1.19635
1.1988
1.18985
1.1924
1.1794
1.17735
1.1931
1.19175
1.1924
1.1893
1.1788
1.17695
1.17075
1.16345
1.15245
1.1505
1.1473
1.1434
1.14855
1.15015
1.147
1.16285
1.16865
1.1692
1.16855
1.17715
1.18235
1.17885
1.17875
1.1688
1.16635
1.1634
