-1.114712358
0.579403877
-0.314604193
0.567756176
-1.962808609
0.264002472
-1.805276871
-0.498609841
0.031791702
-1.871280432
-0.816119254
1.447222352
0.280365735
0.40914014
-0.27954942
-1.339892864
0.583622873
1.498833776
-1.549414873
-0.420964181
-1.481592774
-2.823900938
0.108331889
-0.976192117
0.645859122
-0.939521968
0.4794797
1.34131515
0.438922495
0.082617462
-0.604422927
-0.717152476
-1.591655493
-0.49797374
-0.025636826
-0.142986059
0.690097153
0.528712571
-1.087214828
-0.906361341
-0.341417551
-0.990629613
0.681476474
1.204187155
-1.016222239
-0.955436826
0.847842574
-0.45194301
-0.27089414
0.103072762
-1.464537144
0.025448427
0.129677936
1.09307909
0.423716962
1.780679226
-0.235133737
0.98376441
-0.350781292
-2.027234554
1.977148175
1.57974112
2.402586222
-0.073344707
0.029576374
1.808723211
-0.428518504
0.79957062
0.600380301
0.657572091
1.428410053
0.079695627
-0.490713775
-0.694803238
-0.68076086
-1.518675089
-1.039165974
0.504805684
0.781665802
1.526221752
-0.881345212
-0.789659202
-0.277416825
-0.401831061
-0.527505517
0.806190431
0.19258742
-0.492369592
0.858459294
0.248384371
-1.579415917
1.060004354
0.063020229
-0.721250892
-1.313408971
0.142721385
0.078067072
-0.394284427
-0.671948016
0.079222031
0.432457864
-0.138960153
1.697489142
-0.689167261
-1.099853516
0.711015701
1.631223917
0.081458211
-0.766498268
0.880259216
0.460907608
0.366837621
1.290160298
0.009036747
-0.638268769
0.22704719
0.026629779
-0.4877249
0.003431842
-1.630144596
-0.03809756
0.671264648
0.981660724
0.074753381
-0.507334709
2.743062258
-0.981514692
-1.304804683
-0.77169168
0.291293293
-1.000399947
-1.068335295
0.660114706
-0.034852669
-1.587406993
0.029037848
1.097888827
-0.466386378
-1.247573256
-0.901649892
-1.624459147
-0.653904974
-0.338356227
-0.781542599
-0.268517315
0.872533262
0.327312231
1.234412909
1.655140162
2.488037348
0.565699399
0.054774042
1.572733283
1.184679508
-0.962686718
-1.424176574
0.092413805
-0.660836041
-0.356366366
-0.934371233
0.808390439
-0.850501716
1.019024849
1.649987936
0.227839842
-1.685019732
1.324587345
0.738071442
0.349690884
-0.402831435
-1.178401828
0.721479833
-0.560644507
-0.636510432
0.27423951
-1.437536001
-1.113036513
-0.28102082
0.908216655
1.41340065
-1.464410543
-0.352396071
-0.147486776
-0.042988915
-0.218566611
-0.010539703
0.423169822
-1.134299636
-0.127468988
0.465006262
-1.270400047
2.740732431
0.250968248
-1.497485876
0.871681631
0.52304107
-0.62436837
-0.290695161
1.569235325
1.619000673
-1.745812058
0.525644481
-0.753332555
0.307978451
-0.026306277
0.345869154
0.928883791
0.378509939
1.985860705
0.067206718
1.662258863
-0.032403167
0.569428384
-1.79746294
2.061226845
-0.787980258
-0.757462561
-1.489430308
-0.278868735
-0.146761328
0.38032043
0.275147855
-0.755248308
-0.476810217
-1.737776279
0.192489982
0.097183682
-0.57709229
-0.831002891
-0.926171541
-2.171949387
-0.554240286
-0.08025483
-0.455313861
0.291078031
-0.632897496
-0.457382232
1.035916924
-0.178353474
0.696063399
0.020265944
-0.097623669
1.046521187
-0.336641699
0.970229506
-0.10616184
0.50786972
-0.638282776
1.132948279
-1.729272485
-0.826143622
-0.571439743
1.096782684
-0.795066059
1.06359756
-0.518040061
1.85570693
0.640731096
0.664039791
0.889739394
-1.427598119
-0.334541857
-0.766359746
0.048750222
1.830430269
-0.61720258
-0.942484975
-1.47358799
-0.489993185
1.069041729
1.146178603
-0.034566868
-1.82898438
-2.779967785
0.569921076
-1.57543993
1.371171713
-1.804409027
-0.751666248
-0.124202348
-1.417773604
1.563614249
0.42230168
-0.299604386
-0.044681534
-1.357848525
0.491719484
0.789265931
-0.197743222
-0.771805823
-0.09650325
-1.7124722
0.249309108
-0.640000463
0.359767675
0.830348253
1.075312495
-0.440786362
0.966213286
0.646780133
-0.739269733
0.396116555
0.781776667
0.677536368
1.568640351
-1.351555347
-1.104405046
-0.82787782
-1.505394936
-0.257836878
-0.826691985
1.629098535
-0.113961369
0.150061995
0.899537563
1.282904267
0.373874903
0.278940141
-0.585403204
0.715135872
-0.692255974
0.583325028
0.185279876
1.678643823
1.614164472
-0.434571922
0.345637649
-1.104005456
1.390557289
0.686629236
0.533594728
-0.722583771
1.231970429
0.420404166
0.631075621
0.897921443
1.312360168
0.181117982
1.616922617
-0.5338521
1.624931812
1.052479625
-0.315697014
0.108010784
0.059650231
-0.57721287
0.019395221
-0.617644846
-2.195213318
-0.374659777
-0.510580361
0.474499404
0.735791981
0.751190543
0.803243101
0.796955943
-0.2155132
-0.381427407
1.195459008
0.53215462
1.118973613
-0.981920421
-0.170875818
-0.52000767
1.038840175
-1.97868526
1.724072695
1.687809825
0.076929286
-1.975635529
-0.245442882
-1.24844861
0.124769025
-1.716194868
0.387547284
-0.655025721
-1.40687871
-0.525014043
-0.696700633
0.138478234
-0.630611002
0.67114836
-0.149347574
1.657063007
0.368539006
-0.746354938
0.457264185
0.823696971
-0.97901082
-1.185752273
1.652155399
0.101169467
-0.036409784
0.312078148
0.606613874
1.427527785
-0.027468478
0.21825318
-0.184778497
0.733926237
0.71456939
2.130917311
-1.971840382
0.600318015
0.742418528
-1.640978336
1.577846169
-1.049819112
0.668728054
-1.33733058
-0.020399733
0.162929729
0.315329462
-0.914687872
0.954367876
-1.383507371
-0.043279618
-2.408605099
-1.138961434
-0.190896913
-0.237875596
0.209783807
2.370233536
-0.419687927
0.326182365
0.616082549
-1.259331822
1.230224252
2.146406174
0.072028026
-0.235043302
0.013378516
-0.615182757
0.919933558
0.604203045
0.112603061
-0.678312838
-0.208593369
-0.735106766
-0.233028397
0.740168154
-1.741958499
-1.194846988
0.720371485
-1.316414118
0.08756309
0.6792261
-1.255222797
-1.058893323
1.373419285
0.726907372
0.144892931
-0.367865771
0.448580891
1.269306064
0.956670821
-0.741745532
-1.616520762
0.174841389
-1.938157082
0.549479008
-0.144671991
1.359786034
-0.476785213
-0.067540623
0.017438546
0.106607057
1.569684863
0.466401786
-2.263332129
1.17990005
-0.598379314
-0.987469375
-1.485337734
0.046750978
-0.585684001
-1.259910822
0.800607562
-0.036946721
1.561267376
0.325891167
-0.708850086
0.401121527
0.27785939
2.018451929
0.861392021
0.476429969
3.176179409
0.182973385
0.123816371
0.199308679
0.547745764
-0.312380701
-0.494127482
1.660633802
0.283080399
1.318921566
1.058742523
0.615792751
-0.422247261
-0.994874358
-0.479651242
0.467352003
1.141026258
0.076249242
1.135682225
-0.446243823
0.49912858
-0.654495239
0.428640872
-1.012360692
-0.428221196
0.77897507
-0.300531358
0.545168817
1.40072763
0.769909024
0.596676052
0.742590606
0.167393103
0.589463651
0.938998461
-1.234115601
0.960247278
0.961060464
0.61107105
1.645800233
-1.140029311
-0.257037491
0.395221263
-0.549231172
0.348837107
-1.247784972
1.482110739
0.02165992
1.483723879
0.103393629
0.804918706
1.303057313
2.062941313
0.104971811
-0.8721838
-0.790828705
-0.387638032
0.025745137
0.476765871
0.44718343
-1.524857998
-0.766866803
0.552440405
-1.154511094
-0.108071499
0.290109366
0.638219595
-1.658674479
-0.846901357
-1.68860805
1.667312264
-1.244935393
-0.45724234
0.846412301
-2.012803793
0.792483747
0.0073823
-0.629691303
1.039697766
1.379902482
0.796862185
1.474500179
0.37701261
0.523901761
0.611039042
0.940392792
1.24456954
0.518443644
0.707115591
1.397002697
-0.250770926
0.146603227
-1.214459896
0.956594884
0.188780308
-1.940533519
-1.072307587
-1.285398006
-0.21149984
-0.241602629
-1.988923192
1.404058337
-0.389825344
1.561762333
-0.649830043
-0.219654784
-0.904645264
-0.930710196
-0.170520112
1.185379028
1.59912312
0.40499565
0.157159135
