0.998625645
1.000226616
0.998787544
0.993250896
1.002299542
0.99274548
0.995064021
0.995390756
0.993329239
0.998992714
1.011253059
1.002860083
0.996936129
0.996011807
1.000970653
1.000371074
0.99697676
0.995005864
1.002213462
1.00020274
1.004629899
0.996517
0.992764984
0.992594893
1.001594481
1.007379697
0.998432802
1.001133848
0.994644501
0.994945207
0.999397707
0.999490227
1.004119081
0.992038014
1.004384734
1.002716548
0.998790688
0.99207488
0.990084978
0.9979665
1.004931277
1.005333006
1.005010638
0.993498937
0.995730237
0.991656523
0.996609289
0.999872952
0.999633364
1.005065086
1.003701694
0.993141573
1.004248438
0.996883135
1.001679364
1.005793477
1.007585577
1.000355484
0.997721018
0.999083361
0.999289617
1.000435422
1.001873518
0.997167361
1.002196576
0.9999112
0.999225372
1.003519027
0.999985234
0.999879434
1.011101774
1.010055745
1.002877812
1.003508584
1.003225811
0.998379708
1.000888511
0.99976726
1.005551314
0.994269656
1.001936411
1.000926152
1.007789272
0.995489028
0.998017905
1.00368869
1.003519826
1.004534197
0.997542703
1.000557866
0.996428814
0.996539235
0.99243785
1.00400175
1.00648178
1.004438192
1.000757818
0.994152474
1.007328589
1.005576792
