0.987317597
1.010566355
0.990989554
1.008891826
1.020075195
1.015279509
0.98841082
0.973843338
0.997590292
0.961410542
0.965744032
0.982569416
1.014797519
0.966898246
0.982426652
0.976952826
1.008316443
1.014675972
0.980829263
0.994916624
0.9853365
1.027952988
1.000564833
1.019258434
0.980995883
0.998631917
1.014064973
0.964229068
1.00850077
1.030815511
1.007413066
1.024275827
1.032108407
0.964897349
0.992354075
1.000512006
1.031934678
1.010096218
1.019787275
1.013462442
1.00191857
1.013578582
1.016959816
0.98062481
1.013123961
1.000558669
1.038727601
1.006274545
1.016458179
0.981905657
0.991270424
1.017667444
0.996576909
0.984390361
1.009185295
1.015396642
0.995907146
0.997483798
1.007893212
0.982625805
1.020989572
0.96341339
1.036825149
0.996826728
1.015909298
0.997631339
0.995106278
0.986866556
1.028654451
1.029650313
0.995288931
0.973281814
0.979973634
1.004838748
0.997924779
0.996688386
1.034675548
1.010095679
1.048624871
1.012444222
1.015100458
0.931314778
1.010469687
1.008919497
0.975320735
1.009048333
0.9869451
0.979104217
0.991289733
0.967814768
1.01862296
1.032698722
0.98604916
1.009674211
0.977390764
0.986635343
1.005221389
1.022938888
1.008220277
1.003490676
