0.958658246
0.936441968
1.005160445
0.944612667
1.01771199
0.975412802
1.01924178
1.018943489
0.986521622
1.010064766
1.064770099
0.981255958
0.979185979
1.022415613
0.977963535
0.943650936
0.998279905
1.054707522
0.97005982
0.974292515
0.994350247
0.963003625
1.01820471
0.954343388
0.986601239
1.014945845
0.998766308
1.030688731
1.007529211
1.004951386
0.947342943
1.010046002
1.004157646
1.050124607
0.99474842
1.053446644
0.970357474
0.97043043
0.96793756
1.005526108
0.996322651
1.012954933
1.033413501
1.018340415
1.059479042
1.035148161
1.043086258
1.01001623
0.988974921
1.007873988
0.970957059
0.958993806
0.991792252
0.976042913
1.051727797
1.013840089
1.04100544
0.985022051
0.924125458
1.023164935
1.03419243
1.055659936
0.999864129
0.972361467
1.008174196
1.053085323
0.994709167
0.931160946
1.018502531
1.028428509
0.987628227
0.953962448
0.975056515
0.971094311
0.952115321
1.020516462
0.970875442
1.042683095
1.011529714
0.997219007
1.006715371
1.01187419
0.985132971
1.01667358
0.998218292
0.96199557
1.022007562
0.95477956
0.986985872
0.996369808
0.999192261
1.010869875
1.005493037
0.954428867
0.974576305
1.013506479
1.044001501
0.932151276
1.044251636
0.964666231
