0.99992514
1.00702332
1.005814503
0.988855798
1.002762342
0.992168207
0.99059476
0.993391616
0.998442567
0.989749825
1.019828156
1.003309585
0.999345661
0.994241799
1.002200814
1.001111202
0.996415577
0.99545996
1.0023351
0.992770029
1.017535924
0.991684791
0.990704943
0.989092626
1.013265811
1.000846494
0.994592712
1.004636669
0.991799974
1.001549361
0.99942852
1.012319318
1.00284994
0.993530966
1.004776888
0.999148823
1.000141946
0.989509558
0.988081091
1.00126371
1.004517964
1.002759612
1.008073141
0.993802015
1.000744675
0.984536357
1.003921626
1.003608934
0.996758482
1.008155957
0.997527291
1.000731471
1.005624715
1.004731805
1.004944997
1.010058979
1.012582162
0.997581653
1.001272642
1.001624754
0.990266284
0.99475531
0.999523548
1.004917974
0.996795431
1.006614077
1.009201039
0.99873838
0.995843538
0.999076631
1.014067242
1.010198617
1.001990599
1.00693729
1.009698228
1.0028862
1.000298704
1.007131042
0.998747446
1.001553958
1.006015597
1.003544585
1.012816199
1.000835364
1.000077742
1.010291671
1.00796714
0.999331733
1.004483219
1.010229218
0.99870761
0.996120577
1.000199108
1.004115922
1.008318318
1.007808292
1.001711571
0.985128887
1.003203068
1.006387962
