1.029470731
1.027972345
0.97822287
1.006362079
1.010407509
1.015634216
0.995595748
0.955391179
0.994608604
0.96881751
0.96494487
0.951590074
1.03701065
0.97271893
0.96373914
1.005108534
0.998796929
0.979298785
0.95283275
0.994659586
0.996101934
1.049320286
0.976700211
1.026354377
0.945127984
1.019207708
0.996433708
0.93550245
1.020398655
1.011018895
1.011934409
1.051468763
1.045363005
0.98098326
0.949345305
0.955871795
1.023521994
1.007806
1.021316534
1.017112033
0.980806079
1.031198518
0.976739664
0.996979961
1.023494717
0.988080358
1.06908808
0.995478498
1.010882444
0.960894679
0.957260357
1.035296163
0.988329552
0.980219371
0.979002482
1.001588409
0.960679629
0.996880577
0.991832221
0.956670311
0.998383206
0.968547109
1.066952082
0.999863153
1.036824278
0.984363881
0.979512499
0.952661232
1.021645823
1.054004605
0.988071084
0.978183906
0.994430425
1.030416755
1.020575916
0.969129816
1.0226127
1.007602234
1.069697916
1.013044951
0.971371883
0.926880749
0.981830836
0.998646997
0.989267332
0.997097517
0.974055463
0.943439154
1.018019501
0.939549803
1.017867059
1.057386093
1.022289749
0.992389264
0.945421284
0.975277575
0.984400487
1.027945474
1.012764486
0.994567013
