0.974720473
0.877292069
0.956066587
0.856479607
1.059731529
0.955838948
0.983281577
0.981368867
0.98360757
1.039394831
1.054801981
0.999799554
0.92670696
0.99013476
0.958419425
0.918962679
0.996671382
1.073446224
0.979138207
0.955117915
0.99275611
0.969812837
1.014020969
0.931077727
1.024902775
1.051361366
0.963404567
0.967942797
1.027698235
0.990867096
0.943901185
1.021229366
1.01751944
1.062263537
1.00343336
0.984673521
0.962494811
0.973715907
0.946998556
1.03674745
0.98084854
0.950528624
1.009619913
1.001708101
1.001030692
0.936489221
1.032398806
0.959912207
0.92945795
0.988256332
0.990400254
0.948095025
1.031773597
0.99219826
1.006554768
1.023358777
1.016189703
0.962279519
0.938032194
1.004660443
1.010282561
0.980707541
0.9736114
0.991559602
1.031904615
1.057441222
1.015577332
0.879394238
1.018927176
0.9424646
0.96989588
0.95394658
0.975519486
0.912414533
0.910217189
1.030809573
0.906160562
1.036991074
0.986403157
1.020343366
1.011549959
1.011220129
0.990909281
0.995219364
1.01092314
0.949564716
1.022446271
0.972365306
0.994916292
1.019658919
0.981857375
1.025067192
0.972513329
0.889170764
0.997977255
1.052067921
0.99571766
0.924071109
1.015224215
1.01552765
