-2.923411612
-2.914152287
-2.845159415
-2.915295797
-2.841947375
-2.839788916
-2.979622732
-2.995732274
-2.995732274
-3.00326054
-2.691016109
-2.944563987
-2.995732274
-2.979622732
-2.995732274
-3.101092789
-3.056289398
-3.045721156
-2.961330847
-2.938633862
-2.689159754
-2.901550002
-2.986277115
-2.986019595
-2.985544347
-2.985405776
-2.984416539
-2.98516827
-2.984673646
-2.984911035
-2.984673646
-2.985405776
-2.987387191
-2.987149214
-2.986772532
-2.986534701
-2.986534701
-2.985781943
-2.986534701
-2.986019595
-2.985900762
-2.984792334
-2.987645063
-2.986534701
-2.985781943
-2.985781943
-2.986399955
-2.987268195
-2.987526037
-2.98701042
-2.986772532
-2.993474824
-2.987268195
-2.985287016
-2.983922287
-2.982066083
-2.984040885
-2.984297896
-2.984040885
-2.983546819
-2.982579156
-2.982322587
-2.981829368
-2.980843661
-2.980351172
-2.980105018
-2.982569287
-2.983679205
-2.982322587
-2.982322587
-2.983556698
-2.982569287
-2.976910519
-2.975684578
-2.934637174
-2.986524793
-2.999158135
-2.992876356
-2.992876356
-2.991003472
-2.990028571
-2.98875666
-2.989412287
-2.989929144
-2.987704582
-2.989730321
-2.989173827
-2.987188873
-2.985821547
-2.991103005
-2.994592923
-2.99629243
-2.992298177
-2.990207563
-2.982737078
-2.990028571
-2.989650803
-2.988736799
-2.98937254
-2.98937254
-2.988836107
-2.989432161
-2.990864142
-2.990446269
-2.991242368
-2.992298177
-2.992437707
-2.988002227
-2.989929144
-2.990108119
-2.992158667
-2.991780094
-2.98990926
-2.986891469
-2.986891469
-2.986257303
-2.986257303
-2.989014886
-2.989988799
-2.993814114
-2.998075016
-3.000101806
-2.995072491
-2.993195494
-2.991103005
-2.993973821
-2.992497511
-2.98855807
-2.990824337
-2.991341925
-2.979524335
-2.962452248
-2.969148767
-2.96340062
-2.963749228
-2.951179647
-2.941888235
-2.935484193
-2.913838972
-2.945952123
-2.94120621
-2.926598079
-2.922797847
-2.940467874
-2.940467874
-2.940467874
-2.937803046
-2.922667703
-2.918678644
-2.941547165
-2.94446898
-2.941869284
-2.942324217
-2.940694997
-2.942286298
-2.945552599
-2.942684519
-2.936463865
-2.936746641
-2.937916298
-2.941035777
-2.94052465
-2.939370844
-2.938879462
-2.939919209
-2.939446463
-2.939011733
-2.938123961
-2.93882278
-2.940430026
-2.941300908
-2.942646586
-2.941111521
-2.940486799
-2.940430026
-2.936407319
-2.893590934
-2.89746284
-2.898079385
-2.897444712
-2.897589745
-2.901877698
-2.899549747
-2.900567559
-2.9037914
-2.906110972
-2.904065085
-2.903754914
-2.899422593
-2.899985825
-2.899658749
-2.898387801
-2.895941239
-2.89550692
-2.892652356
-2.907721396
-2.9080328
-2.898551118
-2.894168958
-2.892760609
-2.895669768
-2.89407862
-2.929083481
-2.929083481
-2.929083481
-2.917864236
-2.900113051
-2.900113051
-2.900113051
-2.900113051
-2.897172833
-2.894656926
-2.89182281
-2.890255765
-2.891840836
-2.889733961
-2.881314895
-2.876031079
-2.877042982
-2.874275993
-2.869945796
-2.850040124
-2.848191966
-2.845279852
-2.833630431
-2.848865198
-2.850057412
-2.850870315
-2.849746263
-2.852151545
-2.850731902
-2.850783804
-2.84129592
-2.837430223
-2.842599254
-2.846829626
-2.847381236
-2.850455133
-2.851458784
-2.851805105
-2.853642608
-2.85437161
-2.854111191
-2.853781424
-2.855240163
-2.854927397
-2.845951126
-2.85277544
-2.854597361
-2.855726883
-2.856979536
-2.855848599
-2.853521159
-2.852914137
-2.851822424
-2.850524318
-2.850264899
-2.849867254
-2.847846894
-2.845658464
-2.848830662
-2.846864093
-2.846450571
-2.847898647
-2.85163193
-2.854163269
-2.856892495
-2.854163269
-2.856283424
-2.825348354
-2.861218863
-2.885891808
-2.879283461
-2.868395025
-2.868553516
-2.859175462
-2.847019208
-2.819428789
-2.790117457
-2.841844485
-2.849072437
-2.844454287
-2.844058946
-2.842976852
-2.840422266
-2.843543517
-2.847208826
-2.814861769
-2.794572607
-2.79292205
-2.822922477
-2.84429957
-2.846140541
-2.844901384
-2.844901384
-2.846329992
-2.8450906
-2.841844485
-2.825264024
-2.814494637
-2.834106743
-2.830065304
-2.820871815
-2.783027012
-2.734907655
-2.810315512
-2.846657311
-2.846088879
-2.845383096
-2.847208826
-2.848796127
-2.85421535
-2.851216432
-2.851199123
-2.851649246
-2.851960988
-2.851528039
-2.851528039
-2.851095277
-2.851043358
-2.848606209
-2.847864145
-2.847812393
-2.846881327
-2.847105393
-2.846674541
-2.846329992
-2.846726233
-2.84524544
-2.843835561
-2.844660615
-2.879906708
-2.746874193
-2.737885892
-2.740036347
-2.826850629
-2.899186494
-2.896049848
-2.89241785
-2.892598235
-2.892399813
-2.89249
-2.890741826
-2.889913863
-2.890165779
-2.890147783
-2.889392238
-2.888044468
-2.887039317
-2.887021377
-2.88513947
-2.891480372
-2.899222813
-2.895597388
-2.892742566
-2.891534434
-2.88833184
-2.887452024
-2.886626779
-2.886626779
-2.887272565
-2.886465398
-2.892021117
-2.893139585
-2.893103486
-2.890669802
-2.892363741
-2.890363758
-2.889769939
-2.888655232
-2.886662645
-2.945780879
-2.943614319
-2.944373981
-2.944373981
-2.941982998
-2.941225149
-2.938690533
-2.938690533
-2.940430026
-2.939522087
-2.941509275
-2.943348574
-2.942001951
-2.941717685
-2.942551761
-2.940619284
-2.936954061
-2.936369624
-2.935371216
-2.934260951
-2.934035286
-2.935164124
-2.929644952
-2.929644952
-2.929644952
-2.946066303
-2.943652289
-2.940430026
-2.9351453
-2.938388321
-2.938048442
-2.937746424
-2.938086201
-2.939408653
-2.93785967
-2.936595817
-2.935088828
-2.935258251
-2.93601159
-2.934825339
-2.932344414
-2.93245705
-2.932870157
-2.932306872
-2.930000714
-2.951351818
-2.944297989
-2.939711173
-2.937840795
-2.935427703
-2.934110502
-2.934411424
-2.933978877
-2.933602902
-2.933659289
-2.932795034
-2.932100413
-2.93302042
-2.933057989
-2.933057989
-2.93309556
-2.933189493
-2.933189493
-2.931556318
-2.928054934
-2.951390082
-2.939919209
-2.937104939
-2.937010638
-2.93669008
-2.933001636
-2.937161524
-2.93742563
-2.937387897
-2.937444498
-2.937312433
-2.935747857
-2.935182949
-2.935823202
-2.935917391
-2.936124639
-2.93563485
-2.9351453
-2.936501564
-2.949765138
-2.999238413
-2.987387191
-2.985267224
-2.982263388
-2.981395537
-2.980252703
-2.980193626
-2.978914489
-2.978914489
-2.978914489
-2.979780187
-2.980252703
-2.980252703
-2.980252703
-2.980252703
-2.980173935
-2.979740821
-2.978147791
-2.976341496
-2.979288221
-2.979032494
-2.977892355
-2.973559907
-2.972562772
-2.979603052
-2.992557319
-2.986812176
-2.984732988
-2.98423858
-2.980252703
-2.983369015
-2.982066083
-2.980725441
-2.980843661
-2.981099852
-2.982223924
-2.982776562
-2.982381789
-2.982105541
-2.984199038
-2.981691311
-2.977892355
-2.977362044
-2.97561597
-2.983250496
-3.048584677
-3.036908497
-3.037075237
-3.03818059
-3.037262852
-3.03167038
-3.018468801
-3.024399274
-3.027718419
-3.028958191
-3.028482764
-3.027202301
-3.026418311
-3.027780372
-3.032354765
-3.032852794
-3.036825138
-3.038389284
-3.036991864
-3.035971105
-3.036408445
-3.035554768
-3.035242629
-3.038890328
-3.031214384
-3.049154148
-3.013550072
-3.025346477
-3.016506573
-3.037054393
-3.040834247
-3.039078284
-3.035783732
-3.040374054
-3.041692446
-3.040541373
-3.038368413
-3.038556271
-3.039830462
-3.040687799
-3.041001643
-3.038639775
-3.03434837
-3.033184951
-3.038013666
-3.059694961
-3.042781953
-3.039684161
-3.038785923
-3.022014649
-3.027966251
-3.025016913
-3.026335821
-3.026335821
-3.03503459
-3.036075216
-3.036012748
-3.035450711
-3.032790527
-3.033558759
-3.027718419
-3.021214198
-3.027264221
-3.039140944
-3.039140944
-3.039746859
-3.038952976
-3.035596394
-3.032458501
-3.055779562
-3.085131955
-3.045216679
-3.035325856
-3.089889119
-3.094646942
-3.09612736
-3.096901585
-3.095839943
-3.095464215
-3.094382024
-3.093720035
-3.091648637
-3.089911094
-3.095375829
-3.096923714
-3.095773628
-3.09387446
-3.091230471
-3.092221148
-3.093102574
-3.105502498
-3.091252475
-3.082772742
-3.053488513
-3.089339904
-3.091780726
-3.09274991
-3.091868795
-3.092727873
-3.090614545
-3.090108889
-3.091604611
-3.088988564
-3.087365223
-3.08879099
-3.085919598
-3.084432348
-3.082336461
-3.081333736
-3.082532764
-3.087233716
-3.07954876
-3.081595219
-3.083471188
-3.081660601
-3.074623977
-3.079331297
-3.079918554
-3.079918554
-3.084257523
-3.084694643
-3.088242377
-3.090966456
-3.091648637
-3.092507526
-3.132193669
-3.100093289
-3.1271174
-3.084148273
-3.127482396
-3.12659295
-3.084825817
-3.11429061
-3.112558267
-3.114020437
-3.083471188
-3.110178383
-3.116793176
-3.116793176
-3.068539554
-3.123633829
-3.077788674
-3.077332861
-3.129240809
-3.123247514
-3.125704294
-3.128121462
-3.12581818
-3.12581818
-3.12581818
-3.128395472
-3.111637074
-3.074732192
-3.126684139
-3.108274069
-3.06772249
-3.072354172
-3.068066435
-3.046436268
-3.122293727
-3.128829475
-3.124247696
-3.118216342
-3.130201248
-3.130452945
-3.13100232
-3.126023208
-3.11681575
-3.057139702
-3.046246924
-3.079048667
-3.044418443
-3.045868343
-3.065468278
-3.127163017
-3.127573666
-3.117425444
-3.116206427
-3.051266125
-3.03557558
-3.048247367
-3.067163831
-3.130704704
-3.128852322
-3.113007938
-3.130842054
-3.126912147
-3.130109738
-3.133294637
-3.130407177
-3.117538391
-3.117199588
-3.12620549
-3.130407177
-3.079483516
-3.089735308
-3.130544486
-3.097255716
-3.12953799
-3.128692401
-3.121567642
-3.057522575
-3.07179292
-3.095817837
-3.105301634
-3.127391135
-3.131529087
-3.131781118
-3.120570136
-3.131758204
-3.132789876
-3.132056133
-3.129720914
-3.12745958
-3.089603489
-3.111300264
-3.086576441
-3.119460447
-3.12613713
-3.06108179
-3.061508894
-3.059886868
-3.043180339
-3.043180339
-3.043180339
-3.048331684
-3.047552022
-3.047552022
-3.047552022
-3.047552022
-3.053022461
-3.08712414
-3.072008749
-3.05291657
-3.058246179
-3.062684372
-3.096835199
-3.128281292
-3.130544486
-3.072894135
-3.060846961
-3.055015296
-3.053319014
-3.063390322
-3.125681518
-3.053446136
-3.06712087
-3.097366407
-3.131529087
-3.130109738
-3.058927697
-3.064118186
-3.072095094
-3.081355524
-3.068776197
-3.133317587
-3.114110486
-3.132675193
-3.127163017
-3.072786119
-3.064203852
-3.071922412
-3.07054203
-3.073434389
-3.130887842
-3.125909298
-3.068647112
-3.125271645
-3.135684234
-3.122384525
-3.063069374
-3.132079054
-3.134994341
-3.077984086
-3.124907454
-3.140480627
-3.143397364
-3.137364965
-3.068819229
-3.076638687
-3.098385347
-3.133111058
-3.13768762
-3.138079555
-3.120479503
-3.136996344
-3.136719967
-3.099915704
-3.124884696
-3.062556071
-3.080745648
-3.111569703
-3.07533841
-3.137664569
-3.135040319
-3.087496747
-3.134236008
-3.131643639
-3.073369543
-3.086707861
-3.067163831
-3.121862551
-3.072375765
-3.059972173
-3.052196811
-3.060633527
-3.097388547
-3.121272821
-3.052196811
-3.045132624
-3.045405828
-3.04993506
-3.056608177
-3.056608177
-3.049745052
-3.049998403
-3.054251613
-3.058267469
-3.078853047
-3.096370623
-3.131987372
-3.132514659
-3.132147821
-3.135960325
-3.133983358
-3.077549889
-3.116906051
-3.063112161
-3.116748029
-3.068819229
-3.076248427
-3.075576668
-3.059055533
-3.074688905
-3.075576668
-3.072634916
-3.002595774
-3.011252085
-3.017609852
-3.022528096
-3.075425042
-3.022425386
-3.030965746
-3.027594527
-3.039161831
-3.079962068
-3.076703746
-3.020906502
-3.044796475
-3.047130837
-3.045552969
-3.051139281
-3.067700997
-3.066991998
-3.026542058
-3.022240533
-3.053107181
-3.017303263
-3.021378341
-3.000785017
-3.008716201
-3.013081912
-3.013265079
-3.042153246
-3.053467324
-3.063882643
-3.050399675
-3.022815742
-3.063454524
-3.026294579
-3.043411056
-3.08238008
-3.080092622
-3.078874781
-3.032832038
-3.023802584
-3.045763207
-3.074688905
-3.074688905
-3.04473346
-3.013041213
-3.017160221
-3.055397356
-3.07954876
-3.078222975
-3.052366119
-3.080571466
-3.078570552
-3.078700924
-3.056055691
-3.079614008
-3.074126341
-3.043578883
-3.071879246
-3.042132296
-3.031525268
-3.025923476
-3.022137852
-3.022137852
-3.018509721
-3.021788816
-3.072678115
-3.021009057
-3.070908508
-3.067077911
-3.027594527
-3.06533962
-3.071339831
-3.024749223
-3.011780358
-3.020660414
-3.025140487
-3.065832901
-3.050103986
-3.022897942
-3.00217297
-3.004833565
-3.009526985
-3.022877391
-3.022733549
-3.06422527
-3.066669892
-3.07067136
-3.07067136
-3.07067136
-3.001891201
-3.008817513
-3.018796213
-3.069529525
-3.070111052
-3.06125261
-3.074039821
-3.074191236
-3.074775481
-3.027388073
-3.05754385
-3.069809477
-3.076638687
-3.073866803
-2.945818931
-3.071188847
-2.951657974
-2.941168334
-3.000503638
-3.014915093
-3.011536505
-3.026294579
-3.069938712
-3.072894135
-3.072894135
-3.072894135
-3.065189539
-3.013590792
-3.069142028
-2.973677283
-3.042216099
-3.027718419
-3.040060407
-3.076400177
-3.025346477
-3.072829324
-3.035305049
-3.068991375
-3.036845977
-3.073304702
-3.048563592
-2.995332354
-3.073564094
-3.068216949
-3.020865483
-3.02916497
-3.035554768
-3.073412773
-3.07967926
-3.069228125
-3.047425648
-2.994792715
-3.074602336
-3.055142633
-3.015180164
-3.029723484
-3.016322811
-3.03622099
-3.074018192
-3.074018192
-3.033683393
-3.03225104
-3.03225104
-3.03225104
-3.03225104
-3.029123611
-3.039412516
-3.04446044
-3.016996769
-3.013550072
-2.994013751
-3.051012452
-3.055185082
-3.032998099
-3.071426118
-3.069701794
-3.067550561
-3.078440196
-3.063433123
-3.022445927
-3.077072489
-3.042320863
-2.983487547
-3.020024966
-3.02567615
-3.081595219
-3.066734305
-3.027904287
-3.030655036
-2.997013093
-3.078831314
-3.073066985
-3.07896172
-3.074169604
-3.076465219
-3.075988337
-3.073326315
-3.075619993
-2.994353225
-2.985326601
-3.061402101
-3.086751672
-3.080723873
-3.07902693
-3.022815742
-3.06125261
-3.072246215
-3.030158101
-3.037971939
-3.043683789
-3.069120505
-3.043201311
-3.069723329
-3.069658724
-2.993614518
-3.064053942
-3.070477372
-3.070477372
-3.038368413
-3.031504539
-3.079853286
-3.061188549
-2.999398988
-3.068324472
-3.070197233
-3.012491935
-3.0351178
-3.073477622
-3.07711588
-3.059652319
-3.072570122
-3.070843826
-3.068625599
-3.024008299
-2.997634081
-3.065682746
-3.080615009
-3.05082224
-3.079570508
-3.072181446
-3.057203504
-3.078309858
-3.001187124
-3.04955508
-2.971078686
-3.063005196
-3.072526929
-3.080636781
-3.080636781
-2.958995412
-3.064953743
-2.985861154
-3.070434268
-3.065446834
-3.035991926
-3.048732287
-3.048015531
-3.013305787
-3.041776212
-3.042677141
-3.079483516
-3.082576392
-3.083580364
-3.011292712
-3.084323079
-3.283147715
-3.234294078
-3.193817426
-3.160182479
-3.022856841
-3.013712962
-3.057458752
-3.072181446
-3.125499332
-3.133570068
-3.122248331
-3.114358164
-3.138563923
-3.104565479
-3.065575507
-3.123565645
-3.123565645
-3.108341218
-3.104922335
-3.118216342
-3.146601676
-3.14400029
-3.13260639
-3.134971353
-3.139648834
-3.049808384
-3.072440547
-3.085241313
-3.098917379
-3.12258885
-3.096857327
-3.130475829
-3.130933631
-3.142007381
-3.139048525
-3.09175871
-3.114898766
-3.112670666
-3.123406567
-3.137779826
-3.289942273
-3.265836414
-3.24222122
-3.22260778
-3.118261555
-3.06362575
-3.096370623
-3.070477372
-3.070477372
-3.116206427
-3.150796704
-3.16823024
-3.171801417
-3.198411652
-3.130704704
-3.130704704
-3.151193812
-3.134190067
-3.135960325
-3.13582227
-3.134994341
-3.138148736
-3.153322194
-3.160819203
-3.245836006
-3.357276195
-3.32857909
-3.220752585
-3.220752585
-3.115484747
-3.076898946
-3.09519908
-3.115574929
-3.158745443
-3.338081747
-3.328244362
-3.294165264
-3.35383681
-3.347988423
-3.33045005
-3.127322694
-3.293572432
-3.375675844
-3.375675844
-3.375675844
-3.347362819
-3.318640913
-3.30784366
-3.309867841
-3.299299855
-3.090614545
-3.156652482
-3.191576856
-3.187813299
-3.301822746
-3.302175915
-3.245913059
-3.255280507
-3.2557473
-3.301035355
-3.300357067
-3.303344981
-3.303753117
-3.316020186
-3.3097857
-3.228295047
-3.145578896
-3.169752383
-3.095641011
-3.251786488
-3.228749409
-3.189171402
-3.30800763
-3.295864866
-3.175241788
-3.14876691
-3.102115534
-3.170014235
-3.274811457
-3.110739166
-3.106105331
-3.034265223
-3.123724749
-3.02310347
-3.058246179
-3.117199588
-3.098695665
-3.340027026
-3.315662094
-3.4943
-3.438089608
-3.391088648
-3.277564821
-3.150936842
-3.18158004
-3.390376143
-3.336505747
-3.403129247
-3.281868874
-3.205170178
-3.38469431
-3.298433234
-3.388034395
-3.388952655
-3.387472007
-3.129972489
-3.216403883
-3.282961115
-3.232847982
-3.308198963
-3.29276459
-3.288922823
-3.390465178
-3.414434608
-3.414434608
-3.206502689
-3.332744656
-3.240073925
-3.240073925
-3.240073925
-3.240073925
-3.231176165
-3.27531391
-3.2649983
-3.379983985
-3.379132609
-3.378369922
-3.279395765
-3.294300048
-3.31401102
-3.171324523
-3.296296972
-3.201478048
-3.248484878
-3.222708159
-3.183532813
-3.208356349
-3.397016135
-3.344013968
-3.225548035
-3.294974238
-3.238262539
-3.397733388
-3.384222277
-3.29465057
-3.271933833
-3.278625829
-3.30981308
-3.326600243
-3.209891307
-3.395105972
-3.369727785
-3.377080545
-3.542219618
-3.509328398
-3.485187872
-3.440645321
-3.277591333
-3.315854897
-3.431883419
-3.351893064
-3.279023998
-3.311100769
-3.477905655
-3.42802402
-3.411581106
-3.472929716
-3.466792461
