-0.0013
-0.00145
-0.0019
-0.00185
-0.00165
-0.00165
-0.00165
-0.00165
-0.00185
-0.0019
-0.0019
-0.0018
-0.0016
-0.0016
-0.0016
-0.0016
-0.0015
-0.0015
-0.0015
-0.001375
-0.001275
-0.00125
-0.00125
-0.001275
-0.00125
-0.001225
-0.001175
-0.001175
-0.001175
-0.00125
-0.001175
-0.001125
-0.001125
-0.001125
-0.0011
-0.0011
-0.0011
-0.0011
-0.001075
-0.00105
-0.00105
-0.001025
-0.00105
-0.001125
-0.00105
-0.001125
-0.00115
-0.00115
-0.00115
-0.0012
-0.001125
-0.001125
-0.001125
-0.0011
-0.0011
-0.0011
-0.001125
-0.001125
-0.001075
-0.000875
-0.000875
-0.0009
-0.001
-0.001
-0.00105
-0.001125
-0.001125
-0.00115
-0.0012
-0.0012
-0.001225
-0.001275
-0.001275
-0.001225
-0.001175
-0.001125
-0.001225
-0.0014
-0.0014
-0.0014
-0.00145
-0.001675
-0.0017
-0.00165
-0.00165
-0.00155
-0.0014
-0.0014
-0.001375
-0.00135
-0.001275
-0.00125
-0.001125
-0.001075
-0.001075
-0.00105
-0.001025
-0.001025
-0.0011
-0.0011
-0.000975
-0.000925
-0.000925
-0.000825
-0.000725
-0.0007875
-0.000675
-0.000675
-0.00065
-0.000675
-0.000725
-0.000775
-0.000775
-0.000825
-0.000825
-0.0008625
-0.0008625
-0.0009
-0.0009
-0.0009
-0.0009
-0.000925
-0.00085
-0.00085
-0.00085
-0.000825
-0.0008
-0.000875
-0.000875
-0.000875
-0.000875
-0.000925
-0.000925
-0.0009
-0.0009
-0.0009
-0.001075
-0.0009
-0.0009
-0.0009
-0.0009
-0.00075
-0.000625
-0.00055
-0.00055
-0.00055
-0.0004
-0.0003375
-0.0003125
-0.0003
-0.0003
-0.0003
-0.0002875
-0.0003
-0.0003
-0.0003
-0.0003
-0.0003
-0.000275
-0.000275
-0.0003
-0.0002625
-0.000275
-0.000275
-0.000275
-0.000275
-0.000275
-0.0002625
-0.0002625
-0.00025
-0.000275
-0.000275
-0.000275
-0.000275
-0.000275
-0.000275
-0.000275
-0.000275
-0.000275
-0.000275
-0.000275
-0.000275
-0.00025
-0.000225
-0.000225
-0.000225
-0.000225
-0.0002125
-0.000225
-0.0002375
-0.0002375
-0.0002125
-0.0002125
-0.0001625
-0.0001625
-0.0001625
-0.0001625
-0.0001625
-0.000175
-0.0001875
-0.000175
-0.0002
-0.0002
-0.0002
-0.0002
-0.0002
-0.0002
-0.0002
-0.0002
-0.0002
-0.0002
-0.0002
-0.000225
-0.000225
-0.000225
-0.000225
-0.0002
-0.0002
-0.0002
-0.000175
-0.0002
-0.0002
-0.0002
-0.000175
-0.000225
-0.00025
-0.000225
-0.000225
-0.000225
-0.000225
-0.000225
-0.0002
-0.0002
-0.0002
-0.0002
-0.000175
-0.0001625
-0.0001625
-0.0001625
-0.0002
-0.000225
-0.000225
-0.000225
-0.0002125
-0.000225
-0.0001875
-0.0001875
-0.00015
-0.0001375
-0.000175
-0.000175
-0.000175
-0.000175
-0.0001875
-0.0002375
-0.0002125
-0.0002
-0.0001875
-0.0001875
-0.0002125
-0.0002125
-0.0002
-0.0002
-0.0002
-0.0002
-0.0002
-0.0002
-0.000225
-0.0002
-0.000175
-0.00015
-0.000125
-0.000125
-0.000125
-0.000125
-0.0001
-0.0001
-0.00015
-0.00015
-0.0002
-0.0002
-0.0002125
-0.0002125
-0.0002125
-0.0002125
-0.000225
-0.0002375
-0.0002625
-0.00025
-0.000275
-0.0001
-7.50E-05
-7.50E-05
-7.50E-05
-6.25E-05
-6.25E-05
-5.00E-05
-5.00E-05
-5.00E-05
-5.00E-05
-5.00E-05
-5.00E-05
-5.00E-05
-5.00E-05
-5.00E-05
-3.75E-05
-2.50E-05
-2.50E-05
-2.50E-05
-2.50E-05
-1.25E-05
-1.25E-05
-1.25E-05
-1.25E-05
-1.25E-05
-1.25E-05
-1.25E-05
-1.25E-05
-1.25E-05
-1.25E-05
-1.25E-05
-1.25E-05
-1.25E-05
0
0
-1.25E-05
-1.25E-05
-1.25E-05
-1.25E-05
-1.25E-05
-1.25E-05
-1.25E-05
-1.25E-05
-1.25E-05
-1.25E-05
-1.25E-05
-1.25E-05
-1.25E-05
-1.25E-05
-2.50E-05
0
2.50E-05
1.25E-05
0
0
0
1.25E-05
1.25E-05
1.25E-05
1.25E-05
1.25E-05
1.25E-05
1.25E-05
1.25E-05
1.25E-05
1.25E-05
1.25E-05
1.25E-05
1.25E-05
1.25E-05
0
1.25E-05
1.25E-05
1.25E-05
1.25E-05
1.25E-05
1.25E-05
1.25E-05
1.25E-05
1.25E-05
1.25E-05
1.25E-05
0
0
5.00E-06
1.25E-05
1.25E-05
1.25E-05
1.25E-05
1.25E-05
1.25E-05
1.25E-05
1.25E-05
1.25E-05
2.50E-05
1.25E-05
3.75E-05
3.75E-05
3.75E-05
3.75E-05
3.75E-05
3.75E-05
3.75E-05
3.75E-05
3.75E-05
3.75E-05
3.75E-05
3.75E-05
3.75E-05
2.50E-05
2.50E-05
2.50E-05
2.50E-05
2.50E-05
2.50E-05
2.50E-05
5.00E-05
5.00E-05
3.75E-05
3.75E-05
3.75E-05
3.75E-05
3.75E-05
3.75E-05
2.50E-05
5.00E-05
5.00E-05
5.00E-05
5.00E-05
3.75E-05
5.00E-05
3.75E-05
6.25E-05
6.25E-05
6.25E-05
6.25E-05
6.25E-05
7.50E-05
8.75E-05
8.75E-05
8.75E-05
8.75E-05
8.75E-05
0.0001
0.0001
0.0001
0.0001
8.75E-05
8.75E-05
8.75E-05
7.50E-05
7.50E-05
7.50E-05
7.50E-05
0.0001
0.0001
0.0001
0.0001
0.0001
0.0001
0.0001
0.0001
0.0001
0.0001
0.0001
8.75E-05
8.75E-05
8.75E-05
8.75E-05
7.50E-05
6.25E-05
6.25E-05
5.00E-05
5.00E-05
5.00E-05
5.00E-05
5.00E-05
5.00E-05
5.00E-05
5.00E-05
5.00E-05
3.75E-05
2.50E-05
1.25E-05
2.50E-05
2.50E-05
2.50E-05
2.50E-05
3.75E-05
3.75E-05
3.75E-05
2.50E-05
2.50E-05
2.50E-05
2.50E-05
2.50E-05
6.25E-05
6.25E-05
6.25E-05
6.25E-05
7.50E-05
7.50E-05
7.50E-05
8.75E-05
8.75E-05
8.75E-05
5.00E-05
5.00E-05
6.25E-05
5.00E-05
6.25E-05
8.75E-05
8.75E-05
0.0001
0.0001
7.50E-05
7.50E-05
0.0001
0.0001
5.00E-05
5.00E-05
5.00E-05
3.75E-05
3.75E-05
3.75E-05
3.75E-05
3.75E-05
3.75E-05
1.25E-05
0
-1.25E-05
-2.50E-05
-2.50E-05
-3.75E-05
-3.75E-05
-3.75E-05
-3.75E-05
-3.75E-05
-2.50E-05
-2.50E-05
-2.50E-05
-2.50E-05
-3.75E-05
-5.00E-05
-6.25E-05
-6.25E-05
-6.25E-05
-6.25E-05
-7.50E-05
-7.50E-05
-7.50E-05
-7.50E-05
-7.50E-05
-8.75E-05
-8.75E-05
-8.75E-05
-8.75E-05
-8.75E-05
-7.50E-05
-7.50E-05
-7.50E-05
-7.50E-05
-7.50E-05
-7.50E-05
-8.75E-05
-6.25E-05
-6.25E-05
-6.25E-05
-6.25E-05
-6.25E-05
-6.25E-05
-6.25E-05
-6.25E-05
-6.25E-05
-7.50E-05
-7.50E-05
-7.50E-05
-7.50E-05
-7.50E-05
-7.50E-05
-7.50E-05
-7.50E-05
-7.50E-05
-7.50E-05
-7.50E-05
-7.50E-05
-8.75E-05
-8.75E-05
-8.75E-05
-8.75E-05
-8.75E-05
-8.75E-05
-8.75E-05
-7.50E-05
-7.50E-05
-6.25E-05
-6.25E-05
-6.25E-05
-6.25E-05
-6.25E-05
-6.25E-05
-6.25E-05
-6.25E-05
-6.25E-05
-7.50E-05
-7.50E-05
-7.50E-05
-7.50E-05
-7.50E-05
-7.50E-05
-7.50E-05
-8.75E-05
-8.75E-05
-8.75E-05
-8.75E-05
-8.75E-05
-8.75E-05
-8.75E-05
-8.75E-05
-0.0001
-0.0001
-0.0001
-0.0001
-0.0001
-0.0001
-0.0001
-0.0001
-0.0001
-0.0001
-0.0001
-0.0001
-0.0001
-0.0001
-0.0001
-8.75E-05
-7.50E-05
-7.50E-05
-7.50E-05
-8.75E-05
-7.50E-05
-6.25E-05
-6.25E-05
-7.50E-05
-7.50E-05
-8.75E-05
-8.75E-05
-7.50E-05
-7.50E-05
-7.50E-05
-5.00E-05
-5.00E-05
-5.00E-05
-5.00E-05
-5.00E-05
-1.25E-05
-1.25E-05
-1.25E-05
-1.25E-05
-1.25E-05
0
-2.50E-05
-5.00E-05
-7.50E-05
-0.0001
-0.0001
-0.0001
-7.50E-05
-5.00E-05
-5.00E-05
-6.25E-05
-6.25E-05
-6.25E-05
-6.25E-05
-6.25E-05
-8.75E-05
-0.0001125
-0.0001375
-0.0001375
-0.0001375
-0.0001375
-0.0001375
-0.0001375
-0.0001375
-0.000125
-0.0001125
-0.0001
-0.0001
-0.0001
-0.0001
-0.0001
-0.0001
-0.0001
-0.0001
-0.0001
-0.0001
-0.0001
-7.50E-05
-7.50E-05
-7.50E-05
-7.50E-05
-7.50E-05
-0.0001125
-0.0001125
-0.000125
-0.0001625
-0.0001625
-0.0001625
-0.00015
-0.00015
-0.0002125
-0.000175
-0.0001125
-8.75E-05
-6.25E-05
-5.00E-05
-2.50E-05
-1.25E-05
-1.25E-05
-2.50E-05
-1.25E-05
-2.50E-05
-3.75E-05
-5.00E-05
-5.00E-05
-3.75E-05
-3.75E-05
-6.25E-05
-6.25E-05
-5.00E-05
-5.00E-05
-3.75E-05
-7.50E-05
-7.50E-05
-7.50E-05
-7.50E-05
-7.50E-05
-7.50E-05
-7.50E-05
-7.50E-05
-7.50E-05
-7.50E-05
-7.50E-05
-7.50E-05
-7.50E-05
-7.50E-05
-7.50E-05
-7.50E-05
-7.50E-05
-7.50E-05
-7.50E-05
-7.50E-05
-7.50E-05
-7.50E-05
-5.00E-05
-3.75E-05
-3.75E-05
-5.00E-05
-5.00E-05
-5.00E-05
-5.00E-05
-5.00E-05
-5.00E-05
-6.25E-05
-5.00E-05
-5.00E-05
0
-3.75E-05
-8.75E-05
-0.0001
-0.0001
-0.0001
-0.0001375
-0.0001375
-0.0001375
-0.0001625
-0.000175
-0.000175
-0.0001875
-0.0001875
-0.0001875
-0.0002
-0.0002
-0.0002
-0.0002
-0.0002
-0.000175
-0.000175
-0.000175
-0.0001875
-0.0002
-0.0002125
-0.0002125
-0.0002125
-0.000225
-0.000225
-0.00025
-0.000225
-0.000225
-0.000225
-0.000225
-0.000225
-0.000225
-0.000225
-0.000225
-0.000225
-0.0002
-0.0002
-0.000225
-0.000225
-0.000225
-0.000225
-0.00025
-0.00025
-0.00025
-0.00025
-0.00025
-0.00025
-0.00025
-0.00025
-0.00025
-0.00025
-0.00025
-0.00025
-0.00025
-0.00025
-0.00025
-0.00025
-0.00025
-0.0002375
-0.000225
-0.000225
-0.0002125
-0.0002125
-0.0002
-0.0002
-0.0002375
-0.00025
-0.000275
-0.0002875
-0.0003
-0.0003
-0.0003
-0.0003
-0.0002875
-0.0002875
-0.000275
-0.000275
-0.000275
-0.000275
-0.000275
-0.000275
-0.000275
-0.000275
-0.000275
-0.000275
-0.000275
-0.000275
-0.000275
-0.000275
-0.000275
-0.000275
-0.000275
-0.000275
-0.000275
-0.000275
-0.000275
-0.000275
-0.000275
-0.000275
-0.000275
-0.000275
-0.00025
-0.00025
-0.00025
-0.0002375
-0.0002375
-0.000225
-0.000225
-0.0002125
-0.0002125
-0.0002125
-0.0002125
-0.0002125
-0.0002
-0.0002
-0.0002
-0.0002
-0.0002
-0.0002
-0.0002
-0.0002
-0.000225
-0.000225
-0.00025
-0.00025
-0.00025
-0.00025
-0.00025
-0.00025
-0.000275
-0.000275
-0.000275
-0.000275
-0.0003
-0.0003
-0.00035
-0.00035
-0.00035
-0.00035
-0.00035
-0.00035
-0.000325
-0.000325
-0.0003125
-0.0003125
-0.0003125
-0.0003
-0.0003
-0.0003
-0.000275
-0.000275
-0.000275
-0.000275
-0.000275
-0.0003
-0.000325
-0.000325
-0.000325
-0.000325
-0.000325
-0.000325
-0.000325
-0.000325
-0.000325
-0.000325
-0.000325
-0.000325
-0.000325
-0.000325
-0.000325
-0.000325
-0.000325
-0.000325
-0.000325
-0.000325
-0.000325
-0.000325
-0.000325
-0.000325
-0.00035
-0.00035
-0.00035
-0.00035
-0.00035
-0.00035
-0.00035
-0.00035
-0.0003375
-0.0003375
-0.000325
-0.000325
-0.000325
-0.000325
-0.000325
-0.000325
-0.0002875
-0.000325
-0.000325
-0.0003375
-0.0003375
-0.0003125
-0.0003
-0.0002875
-0.0002875
-0.0003
-0.0003
-0.00025
-0.000225
-0.000225
-0.0002
-0.000225
-0.000225
-0.000225
-0.000225
-0.000275
-0.000275
-0.000275
-0.0003
-0.0003
-0.0003
-0.0003125
-0.0003125
-0.0003125
-0.0003125
-0.0003125
-0.0003125
-0.0003125
-0.0003125
-0.0003125
-0.0003125
-0.0003125
-0.000325
-0.000325
-0.000325
-0.000325
-0.000325
-0.000325
-0.000325
-0.000325
-0.000325
-0.000325
-0.000325
-0.000325
-0.000325
-0.0003
-0.0003
-0.0003
-0.0003
-0.0003
-0.0003125
-0.000325
-0.000325
-0.000325
-0.000325
-0.000325
-0.000325
-0.000275
-0.000275
-0.000275
-0.000275
-0.000275
-0.000275
-0.00025
-0.00025
-0.00025
-0.00025
-0.00025
-0.00025
-0.00025
-0.00025
-0.00025
-0.00025
-0.00025
-0.00025
-0.00025
-0.000275
-0.000275
-0.000275
-0.0003
-0.000325
-0.0003
-0.0003
-0.0003
-0.0003
-0.0003
-0.000275
-0.00025
-0.00025
-0.00025
-0.00025
-0.00025
-0.00025
-0.00025
-0.00025
-0.00025
-0.0002375
-0.00025
-0.00025
-0.0002
-0.0002
-0.0002
-0.000175
-0.000175
-0.00015
-0.000125
-0.00015
-0.000175
-0.000175
-0.0002125
-0.0002
-0.000175
-0.000175
-0.000175
-0.000175
-0.000175
-0.000175
-0.000175
-0.000175
-0.000175
-0.0002
-0.0002
-0.0002
-0.0002
-0.0002
-0.0002
-0.0002
-0.0002
-0.0002
-0.0002
-0.0002
-0.0002
-0.0002
-0.0002
-0.0002
-0.000225
-0.000225
-0.000225
-0.000225
-0.000225
-0.000275
-0.00025
-0.000225
-0.000225
-0.000225
-0.000225
-0.000225
-0.0002
-0.0002
0.0002
-0.0001375
-0.0001125
-0.0001125
-0.000125
-0.0001125
-0.0001125
-0.0001125
-0.0001125
-0.0001375
-0.000175
-0.0001
-7.50E-05
-5.00E-05
-5.00E-05
-5.00E-05
-5.00E-05
-7.50E-05
-7.50E-05
-7.50E-05
-7.50E-05
-7.50E-05
-2.50E-05
-1.25E-05
0
0
2.50E-05
2.50E-05
2.50E-05
2.50E-05
2.50E-05
2.50E-05
2.50E-05
2.50E-05
2.50E-05
2.50E-05
2.50E-05
2.50E-05
2.50E-05
2.50E-05
2.50E-05
2.50E-05
2.50E-05
2.50E-05
2.50E-05
2.50E-05
0
0
0
0
0
5.00E-05
5.00E-05
0.0001
0.0001
0.0001
0.0001
0.0001
7.50E-05
5.00E-05
5.00E-05
5.00E-05
5.00E-05
2.50E-05
2.50E-05
2.50E-05
2.50E-05
2.50E-05
2.50E-05
2.50E-05
2.50E-05
0.0001
0.00015
0.000175
0.000125
0.0001375
0.0001
0.0001
0.000125
0.000225
0.0002125
0.0002125
0.0002125
0.000225
0.000175
0.00015
0.0001
0.000225
0.00025
0.00025
0.00025
0.00025
0.0002125
0.000175
0.000175
0.0001
5.00E-05
3.75E-05
2.50E-05
-2.50E-05
-2.50E-05
-2.50E-05
-2.50E-05
-2.50E-05
-2.50E-05
-2.50E-05
-2.50E-05
-2.50E-05
-2.50E-05
-2.50E-05
-2.50E-05
-7.50E-05
-7.50E-05
-7.50E-05
-7.50E-05
-0.000125
-7.50E-05
-0.00015
-0.00015
-0.00015
-0.00015
-0.000125
-0.000125
-0.000125
-0.000125
-0.000125
-0.0001
-0.000175
-0.000175
-0.0002125
-0.000225
-0.000225
-0.000225
-0.00025
-0.00025
-0.00025
-0.00025
-0.00025
-0.000275
-0.000275
-0.000275
-0.000275
-0.000275
-0.000275
-0.000275
-0.0003
-0.0003
-0.0003
-0.000325
-0.000325
-0.000325
-0.000325
-0.0003
-0.0003
-0.00035
-0.00035
-0.000325
-0.000275
-0.000275
-0.00025
-0.00025
-0.000225
-0.000225
-0.000225
-0.000225
-0.000225
-0.000225
-0.000225
-0.000225
-0.000225
-0.000175
-0.0002125
-0.0002125
-0.0002125
-0.000225
-0.00025
-0.00025
-0.000275
-0.000275
-0.0002125
-0.0002125
-0.000225
-0.000225
-0.000225
-0.000225
-0.00025
-0.000275
-0.000275
-0.000275
